             NaN
   1.8979799e-06
   4.2192699e-06
   5.3539381e-06
   5.9161589e-06
   6.2045603e-06
   6.3621838e-06
   6.4573811e-06
   6.5226722e-06
   6.5739759e-06
   6.6186151e-06
   6.6602417e-06
   6.7006212e-06
   6.7404856e-06
   6.7802452e-06
   6.8201392e-06
   6.8601849e-06
   6.8998028e-06
   6.9399181e-06
   6.9785322e-06
   7.0191542e-06
   7.0513397e-06
   7.0923398e-06
   7.1237878e-06
   7.1514269e-06
   7.1835097e-06
   7.1793114e-06
   7.2701330e-06
   7.2420859e-06
   7.2921219e-06
   7.3248485e-06
   7.1596791e-06
   7.2912747e-06
   7.2695522e-06
   7.2136024e-06
   7.1621878e-06
   7.0996650e-06
   6.9013056e-06
   6.8379446e-06
   6.4245402e-06
   6.2374144e-06
   5.6289761e-06
   5.1338883e-06
   4.2608532e-06
   3.0965854e-06
   1.8991136e-06
  -5.2198971e-07
  -2.3441404e-06
  -6.3597365e-06
  -4.2543844e-06
  -1.0376091e-05
  -6.4087262e-06
   4.1782325e-06
  -6.9369473e-06
  -1.1822097e-05
  -1.9246452e-05
  -2.9347781e-05
  -3.5095986e-05
  -4.4969548e-05
  -4.1441880e-05
  -6.8165488e-05
  -9.6746556e-05
  -1.0949058e-04
  -1.2617206e-04
  -1.5034762e-04
  -1.9398743e-04
  -2.4192960e-04
  -3.0127406e-04
  -3.8204559e-04
  -4.8209531e-04
  -6.1473785e-04
  -7.8699111e-04
  -1.0060889e-03
  -1.3194649e-03
  -1.7821000e-03
  -2.2664068e-03
  -3.1080134e-03
  -4.1235493e-03
  -5.3932554e-03
  -7.3562447e-03
  -1.0669002e-02
  -1.4860532e-02
  -2.0613980e-02
  -2.9776522e-02
  -4.2410318e-02
  -6.0184342e-02
  -8.6340933e-02
  -1.2499838e-01
  -1.8248308e-01
  -2.5969581e-01
  -3.7978286e-01
  -5.5550260e-01
  -8.1698443e-01
  -1.2089734e+00
  -1.7848913e+00
  -2.6471392e+00
  -3.9391972e+00
  -5.8745475e+00
  -8.7733632e+00
  -1.3108963e+01
  -1.9569648e+01
