             NaN
   2.3995248e-06
   6.0050733e-06
   8.7490349e-06
   1.0827965e-05
   1.2401330e-05
   1.3613252e-05
   1.4517203e-05
   1.5242174e-05
   1.5810233e-05
   1.6233426e-05
   1.6551076e-05
   1.6776349e-05
   1.7002123e-05
   1.7156056e-05
   1.7445868e-05
   1.7773573e-05
   1.7620953e-05
   1.8017673e-05
   1.8169181e-05
   1.8310916e-05
   1.8452759e-05
   1.8541576e-05
   1.8650880e-05
   1.8775400e-05
   1.8802682e-05
   1.8805251e-05
   1.8922811e-05
   1.8580886e-05
   1.8452251e-05
   1.8212250e-05
   1.6725936e-05
   1.6636251e-05
   1.3186400e-05
   1.1587114e-05
   1.2563496e-05
   5.1398037e-07
   5.9274855e-06
   1.2791625e-05
   2.4593442e-05
  -3.2272165e-06
   4.2343783e-05
   4.6475445e-05
   3.5884180e-05
   1.6533383e-05
   2.0915164e-05
   1.8651552e-05
   1.5994779e-05
   2.2116861e-05
   2.1427269e-05
   1.7540927e-05
   1.6809821e-05
   1.9183537e-05
   1.9061431e-05
   1.4915502e-05
   1.1690708e-05
  -2.5785837e-06
   8.9244736e-06
   6.7620097e-06
   2.1263233e-06
  -5.6396312e-06
  -9.4416253e-06
  -2.1326082e-05
  -3.2009184e-05
  -4.5724320e-05
  -7.6535109e-05
  -9.2249706e-05
  -1.3414420e-04
  -1.9057445e-04
  -2.6317739e-04
  -3.6292695e-04
  -5.0089792e-04
  -6.9618278e-04
  -9.7615932e-04
  -1.2815410e-03
  -1.3966872e-03
  -2.4269972e-03
  -3.5462778e-03
  -5.0519225e-03
  -7.8705311e-03
  -1.3640349e-02
  -1.6109073e-02
  -2.3322558e-02
  -3.4119887e-02
  -4.9977696e-02
  -7.3530143e-02
  -1.0878935e-01
  -1.5988559e-01
  -2.3687422e-01
  -3.5201868e-01
  -5.2447797e-01
  -7.8304105e-01
  -1.1711943e+00
  -1.7545508e+00
  -2.6313996e+00
  -3.9485183e+00
  -5.9235481e+00
  -8.8755163e+00
  -1.3263646e+01
  -1.9733492e+01
  -2.9161727e+01
