             NaN
   2.4391019e-06
   6.2159116e-06
   9.1977757e-06
   1.1542474e-05
   1.3349706e-05
   1.4812744e-05
   1.5995150e-05
   1.6912629e-05
   1.7669207e-05
   1.8206784e-05
   1.8652364e-05
   1.9226265e-05
   1.9494219e-05
   1.9729896e-05
   2.0081940e-05
   2.0192802e-05
   2.0450631e-05
   2.0632163e-05
   1.9652033e-05
   2.1640634e-05
   1.9003135e-05
   2.2036917e-05
   2.0010847e-05
   1.7600704e-05
   2.1082669e-05
   1.7901685e-05
   1.9441291e-05
   2.2287649e-05
   1.1505310e-05
   1.5063423e-05
   1.3550992e-05
   6.1944122e-06
   1.0768673e-05
   1.2811380e-05
   2.2425569e-05
   4.3362519e-05
   6.9642799e-07
   3.9082288e-05
   3.0218797e-05
  -1.8365250e-05
   1.0388897e-06
   2.1672769e-06
   2.2525924e-05
   2.5691520e-05
   2.3851656e-05
   2.3841905e-05
   2.4446580e-05
   2.4312674e-05
   2.1772687e-05
   2.6026017e-05
   1.4387512e-05
   1.4861229e-05
   2.1217203e-05
   1.5657277e-05
   2.0969946e-05
   1.5574910e-05
   1.3765742e-05
   1.1040835e-05
   6.6190712e-06
   1.6367959e-07
  -3.7740192e-06
  -1.2779181e-05
  -2.7358885e-05
  -3.7626540e-05
  -5.7987172e-05
  -8.3949726e-05
  -1.2041743e-04
  -1.7005793e-04
  -2.3777110e-04
  -3.3568994e-04
  -4.6310932e-04
  -7.0330442e-04
  -1.3397105e-03
  -8.6904608e-04
  -1.6324773e-03
  -2.4207615e-03
  -3.4842270e-03
  -5.2551956e-03
  -9.8208503e-03
  -1.1835950e-02
  -1.6180604e-02
  -2.3673590e-02
  -3.4756843e-02
  -5.1162998e-02
  -7.5904048e-02
  -1.1179502e-01
  -1.7022676e-01
  -2.4648339e-01
  -3.7098083e-01
  -5.5500757e-01
  -8.3194667e-01
  -1.2490376e+00
  -1.8772681e+00
  -2.8234501e+00
  -4.2468842e+00
  -6.3825421e+00
  -9.5729195e+00
  -1.4306532e+01
  -2.1260748e+01
  -3.1338038e+01
