             NaN
  -1.8073916e-05
  -1.5170774e-05
  -1.5113357e-05
  -1.4348249e-05
  -1.3252672e-05
  -1.2996431e-05
  -1.2358273e-05
  -1.1739581e-05
  -1.1139171e-05
  -1.0555975e-05
  -9.9901964e-06
  -9.4401381e-06
  -7.5811476e-06
  -8.3354046e-06
  -9.5094803e-06
  -1.9700660e-06
  -2.9900450e-06
  -3.6830839e-06
  -8.2726085e-06
  -6.8329139e-06
   5.3330409e-07
  -1.0887974e-06
  -4.3074700e-06
  -8.5779903e-06
   5.1154482e-06
  -4.9486697e-06
   2.8218795e-06
  -4.7739873e-06
  -2.8246853e-05
  -2.5295202e-05
  -4.5375634e-06
   2.8167314e-05
  -2.4861919e-04
  -5.9149929e-06
   2.7470615e-05
  -5.7180456e-05
  -9.7368491e-05
   5.2201513e-06
   8.7493490e-06
  -5.8529595e-06
  -1.0053163e-05
  -3.5459021e-04
  -7.9794251e-05
  -1.1345698e-04
  -6.1294999e-05
  -5.3525403e-05
  -1.5178641e-04
  -2.7832617e-04
  -3.5283999e-04
  -4.1480136e-04
  -2.7277292e-04
   1.2499398e-04
  -3.1875902e-04
  -1.5430038e-03
  -8.0458037e-04
   7.0207436e-04
   4.3494415e-05
   1.7793373e-04
  -8.2025006e-04
  -1.3088683e-04
   6.8920877e-04
   5.8534837e-04
  -1.2295459e-04
  -7.1474884e-04
   2.2707055e-04
  -4.3712730e-04
  -1.3426584e-03
  -4.8792208e-04
  -6.9255125e-04
  -2.9869222e-03
  -8.5913352e-04
  -7.0804665e-04
  -5.1305419e-03
  -1.7737108e-03
  -2.0210688e-03
  -7.6639343e-04
  -3.6831303e-03
  -3.5021747e-03
  -6.0635196e-03
  -8.5575262e-03
  -1.2961162e-02
  -1.7995939e-02
  -2.6654270e-02
  -3.8762426e-02
  -5.7485282e-02
  -8.3561395e-02
  -1.2281175e-01
  -1.8420900e-01
  -2.7439158e-01
  -4.0933589e-01
  -6.1292114e-01
  -9.1930807e-01
  -1.3813091e+00
  -2.0791501e+00
  -3.1334482e+00
  -4.7264404e+00
  -7.1304400e+00
  -1.0753717e+01
  -1.6187868e+01
  -2.4286479e+01
