             NaN
   2.1160125e-06
   4.9649751e-06
   6.7039642e-06
   7.7679796e-06
   8.4271778e-06
   8.8442229e-06
   9.1167967e-06
   9.3032129e-06
   9.4382241e-06
   9.5423582e-06
   9.6286543e-06
   9.7044146e-06
   9.7736044e-06
   9.8407652e-06
   9.9061570e-06
   9.9663199e-06
   1.0035881e-05
   1.0090225e-05
   1.0156008e-05
   1.0220758e-05
   1.0287597e-05
   1.0356796e-05
   1.0410724e-05
   1.0482981e-05
   1.0496393e-05
   1.0708727e-05
   1.0486282e-05
   1.0270612e-05
   1.0752620e-05
   1.0838106e-05
   1.0900370e-05
   1.0563218e-05
   1.0570328e-05
   1.0529511e-05
   1.0956975e-05
   9.8034118e-06
   1.0244655e-05
   9.9659654e-06
   7.9261633e-06
   1.0044103e-05
   9.1354878e-06
   1.1725572e-05
   1.0900135e-05
   1.0003853e-05
   9.7046664e-06
   9.1313355e-06
   8.9889853e-06
   6.9189366e-06
   6.0255529e-06
   3.7225499e-06
  -1.3872696e-06
  -3.4959173e-06
   5.7877337e-06
   4.8583646e-07
  -2.4550263e-05
  -1.3618481e-06
  -4.0963197e-05
  -4.5096036e-05
  -2.2808151e-05
  -3.3438171e-05
  -5.3233393e-05
  -6.6040970e-05
  -8.5136045e-05
  -1.0694169e-04
  -1.4404452e-04
  -1.9166660e-04
  -2.4134329e-04
  -2.8628434e-04
  -4.1894991e-04
  -5.0219255e-04
  -6.7800447e-04
  -8.9559669e-04
  -1.1918883e-03
  -1.5992041e-03
  -2.1609226e-03
  -2.9406291e-03
  -4.0305917e-03
  -5.6024867e-03
  -7.8132085e-03
  -1.0942479e-02
  -1.5441157e-02
  -2.1937529e-02
  -3.1643248e-02
  -4.4530584e-02
  -6.4223405e-02
  -9.3130051e-02
  -1.3469706e-01
  -1.9715973e-01
  -2.8775167e-01
  -4.2289182e-01
  -6.2313978e-01
  -9.2087462e-01
  -1.3638317e+00
  -2.0238962e+00
  -3.0197757e+00
  -4.5041057e+00
  -6.7251704e+00
  -1.0043327e+01
  -1.4984057e+01
  -2.2297798e+01
