             NaN
   1.8233026e-06
   3.9415439e-06
   4.8487395e-06
   5.2461095e-06
   5.4310969e-06
   5.5275626e-06
   5.5877209e-06
   5.6321459e-06
   5.6714440e-06
   5.7080740e-06
   5.7440091e-06
   5.7799894e-06
   5.8162298e-06
   5.8526522e-06
   5.8898850e-06
   5.9273394e-06
   5.9645469e-06
   6.0022282e-06
   6.0404682e-06
   6.0767075e-06
   6.1130508e-06
   6.1544679e-06
   6.1774959e-06
   6.2006884e-06
   6.2428534e-06
   6.2120756e-06
   6.3039174e-06
   6.2463957e-06
   6.1276173e-06
   6.5960642e-06
   6.4937746e-06
   6.5654904e-06
   6.5908147e-06
   6.5099946e-06
   6.5260499e-06
   6.4976610e-06
   6.3602727e-06
   6.2953457e-06
   5.9823272e-06
   6.0472612e-06
   5.8938195e-06
   7.2643521e-06
   6.1770097e-06
   5.9366116e-06
   5.5217800e-06
   5.3031316e-06
   4.7131796e-06
   4.7294302e-06
   2.3119005e-06
   6.4718844e-07
  -1.2389817e-06
  -3.0968193e-06
  -7.2430781e-06
   3.5442997e-06
  -1.7670254e-05
  -1.8866471e-05
  -1.1178499e-05
  -2.0185405e-05
  -2.9118295e-05
  -3.9426341e-05
  -4.3329788e-05
  -2.3562403e-05
  -9.8030997e-05
  -1.7131549e-04
  -1.5727440e-04
  -2.2898221e-04
  -1.3466077e-04
  -3.1421929e-04
  -3.4151767e-04
  -4.4777541e-04
  -5.8910641e-04
  -7.8094472e-04
  -1.0401202e-03
  -1.4014795e-03
  -1.9475110e-03
  -2.4838533e-03
  -4.4757416e-03
  -4.8941035e-03
  -6.8935554e-03
  -9.6685350e-03
  -1.3683567e-02
  -1.9635877e-02
  -2.9403680e-02
  -4.0613517e-02
  -5.6815654e-02
  -8.1950661e-02
  -1.1866494e-01
  -1.7096213e-01
  -2.4956163e-01
  -3.7296107e-01
  -5.4906503e-01
  -8.1054487e-01
  -1.1999010e+00
  -1.7837725e+00
  -2.6451362e+00
  -3.9681015e+00
  -5.9254153e+00
  -8.8716465e+00
  -1.3286384e+01
  -1.9876961e+01
