             NaN
   2.2001280e-06
   5.2654876e-06
   7.2782799e-06
   8.6000571e-06
   9.4749143e-06
   1.0061646e-05
   1.0463014e-05
   1.0746505e-05
   1.0953863e-05
   1.1111814e-05
   1.1237517e-05
   1.1344285e-05
   1.1438010e-05
   1.1522985e-05
   1.1612420e-05
   1.1683652e-05
   1.1763416e-05
   1.1858393e-05
   1.1925830e-05
   1.2006627e-05
   1.2082267e-05
   1.2162239e-05
   1.2241466e-05
   1.2309397e-05
   1.2372550e-05
   1.2410165e-05
   1.2450205e-05
   1.2522951e-05
   1.2503815e-05
   1.2500765e-05
   1.2510929e-05
   1.2119628e-05
   1.2132574e-05
   1.1220477e-05
   1.0929537e-05
   1.2810295e-05
   1.3300775e-05
   1.0923343e-05
   1.3348134e-05
   7.8076825e-06
   1.2540148e-05
   1.5055775e-05
   1.6858925e-06
  -3.2246144e-06
   4.5935171e-06
   4.5605904e-06
   7.3061287e-06
   1.2330777e-05
   9.3251386e-06
   9.2305053e-06
   7.9360312e-06
   5.6202603e-06
   3.1576752e-06
   9.5212611e-07
  -1.0920491e-06
  -2.2102140e-06
  -7.0762808e-06
  -2.1378753e-05
  -4.0140066e-05
  -2.6844483e-05
  -3.8295917e-05
  -5.1513088e-05
  -6.9352625e-05
  -9.2884951e-05
  -1.2024923e-04
  -1.6183337e-04
  -2.1042481e-04
  -2.7223824e-04
  -3.5966374e-04
  -4.6945978e-04
  -6.1934031e-04
  -8.3833795e-04
  -1.1330540e-03
  -1.5332247e-03
  -2.0934858e-03
  -2.8928412e-03
  -4.0839023e-03
  -5.8269567e-03
  -7.7690240e-03
  -1.0956974e-02
  -1.5567482e-02
  -2.2347597e-02
  -3.2775086e-02
  -4.5848328e-02
  -6.6425394e-02
  -9.6551590e-02
  -1.4088178e-01
  -2.0647375e-01
  -3.0403166e-01
  -4.4611405e-01
  -6.5967207e-01
  -9.7788794e-01
  -1.4531354e+00
  -2.1638367e+00
  -3.2280813e+00
  -4.8204040e+00
  -7.2030832e+00
  -1.0759897e+01
  -1.6043523e+01
  -2.3838013e+01
