4.52663026499306e14
5.492515462537705e14
6.664499590661956e14
8.086559628256676e14
9.812056246781309e14
1.190573606502887e15
1.4446161130852922e15
1.752865678563531e15
2.1268888515450945e15
2.580720198978022e15
3.1313889118631295e15
3.799557769583426e15
4.610298434085103e15
5.594032158428176e15
6.787671197616931e15
8.236003735641302e15
9.993374272630132e15
1.2125722491746994e16
1.4713057060422698e16
1.7852457116790016e16
2.166171395736938e16
2.628374941239429e16
3.1891976462464636e16
3.8696802893253864e16
4.695352150910315e16
5.697188221002113e16
6.912770398476419e16
8.387696088647146e16
1.0177286810805253e17
1.2348660569843232e17
1.4983245226530618e17
1.817982639989882e17
2.205824312653507e17
2.6763868269341696e17
3.247303932369684e17
3.9399639768313146e17
4.780307257295093e17
5.799791720717002e17
7.036562098738702e17
8.536864654452987e17
1.0356758146242824e18
1.2564181573930324e18
1.5241450973230118e18
1.848827116366378e18
2.242536409743436e18
2.7198833395604613e18
3.2985404758856504e18
3.9998703956512307e18
4.849675745559921e18
5.879092439214332e18
7.125649075731334e18
8.634517468028272e18
1.0459980162171683e19
1.2667140474392144e19
1.5333898163274822e19
1.855320852881794e19
2.243563352564854e19
2.7112179475792708e19
3.273739655032975e19
3.949269045245239e19
4.758976803001065e19
5.7274109084415435e19
6.882833193659458e19
8.257530808970327e19
9.888089051297717e19
1.1815615845737148e20
1.4085915257939676e20
1.6749617272936818e20
1.9862282240459955e20
2.348450858004318e20
2.768207907606325e20
3.252618255449849e20
3.8093743522464766e20
4.4467883724103274e20
5.173852897351843e20
6.000316478960257e20
6.936773733985267e20
7.994769289159448e20
9.186914911264776e20
1.052701941981224e21
1.203023137590669e21
1.3713194973116833e21
1.5594219965029456e21
1.7693466824490793e21
2.0033148641177656e21
2.2637751538366501e21
2.5534275641596036e21
2.875249887439151e21
3.232526610039944e21
3.628880638445414e21
4.06830814142574e21
4.555216841443152e21
5.094468120025999e21
5.691423336530433e21
6.351994797782557e21
7.082701858138053e21
7.8907326758874e21
8.784012203017278e21
9.771277041816817e21
1.0862157863729267e22
1.2067270154306714e22
1.3398314123046888e22
1.4868184699428242e22
1.6491092626779543e22
1.8282697764970437e22
2.0260255821293054e22
2.2442779848067873e22
2.485121797532248e22
2.750864898907274e22
3.044049752083883e22
3.367477078301689e22
3.7242318968913417e22
4.117712163661009e22
4.551660261310221e22
5.0301976191317706e22
5.557862764748336e22
6.139653138218885e22
6.7810710285524346e22
7.4881740245415125e22
8.267630406074503e22
9.126779938536078e22
1.007370057173893e23
1.1117281585867931e23
1.2267303770087889e23
1.3534527264850612e23
1.4930787745296346e23
1.646910167193694e23
1.816378138337157e23
2.0030560853642198e23
2.2086732987137752e23
2.4351299366223527e23
2.6845133417029046e23
2.959115797195124e23
3.261453828143578e23
3.5942891488836294e23
3.9606513628356144e23
4.363862518959477e23
4.807563618866707e23
5.29574317626875e23
5.832767902212171e23
6.423415588997037e23
7.072910242875847e23
7.786959477663448e23
8.571794176645756e23
9.434210353818303e23
1.0381613122338702e24
1.14220626033824e24
1.2564321543313e24
1.3817904303425055e24
1.519312682399956e24
1.6701157004198012e24
1.8354064850502217e24
2.0164871587358412e24
2.2147596778717816e24
2.4317302350541793e24
2.6690132240392094e24
2.9283346250199455e24
3.2115346519326105e24
3.520569492394435e24
3.857511961203683e24
4.2245508848816766e24
4.6239890365560785e24
5.058239451842276e24
5.529819975887267e24
6.041345923375276e24
6.595520775428274e24
7.195124892878839e24
7.843002291076975e24
8.542045597857156e24
9.295179399360224e24
1.0105342265196979e25
1.0975467829683058e25
1.1908465384140934e25
1.2907200501208295e25
1.3974476258257707e25
1.511301565265128e25
1.6325445795694297e25
1.7614284443747876e25
1.8981929360516362e25
2.0430650920583292e25
2.196258825321605e25
2.3579749094335483e25
2.528280577585086e25
2.7069980997082603e25
2.894331361948887e25
3.090423056243789e25
3.2954083515126424e25
3.50941584548495e25
3.7325685459153175e25
3.964985199249801e25
4.2067806180009636e25
4.458065765394302e25
4.71894702271963e25
4.989524148021015e25
5.2698874905565245e25
5.5601130477239156e25
5.860256061015395e25
6.170343146226877e25
6.4903635287531865e25
6.8202604029762855e25
7.15992386524944e25
7.509187123077396e25
7.867827583973778e25
8.23557385488451e25
8.612118660690734e25
8.997136436531986e25
9.390303234761115e25
9.791315998220481e25
1.0199908405108623e26
1.0615861329492525e26
1.1039007181426196e26
1.1469228590794514e26
1.1906452757064676e26
1.2350643163902191e26
1.2801790297091158e26
1.325990265964565e26
1.3724998923616377e26
1.4197101628488791e26
1.4676232504326768e26
1.5162409284111804e26
1.5655643760163946e26
1.615594080651305e26
1.6663298103512934e26
1.7177706339490925e26
1.7699149710827994e26
1.822760658698788e26
1.8763050245741563e26
1.9305449615152593e26
1.985476998229039e26
2.0410973645801642e26
2.0974020501190683e26
2.1543868555586376e26
2.2120474373556666e26
2.2703793458544818e26
2.329378057587087e26
2.3890390023845236e26
2.4493575859533504e26
2.510329208536787e26
2.5719492802226563e26
2.6342132334086065e26
2.6971165328664515e26
2.760654683787906e26
2.8248232381483502e26
2.889617799664931e26
2.955034027589454e26
3.0210676395390345e26
3.0877144135294774e26
3.1549701893592596e26
3.222830869455375e26
3.291292419283655e26
3.360350867405732e26
3.4300023052503696e26
3.50024288665106e26
3.571068827207046e26
3.6424764034955586e26
3.7144619521736175e26
3.787021868992036e26
3.8601526077507724e26
3.933850679201975e26
4.00811264992229e26
4.082935141171349e26
4.158314827731986e26
4.234248436753569e26
4.310732746599916e26
4.387764585703109e26
4.465340831432349e26
4.543458408982778e26
4.622114290277865e26
4.701305492896981e26
4.781029079022506e26
4.8612821544128136e26
4.9420618673976105e26
5.0233654079018305e26
5.1051900064847135e26
5.187532933416194e26
5.270391497767969e26
5.353763046534728e26
5.437644963775997e26
5.5220346697849594e26
5.606929620275447e26
5.6923273055973886e26
5.778225249972236e26
5.864621010746477e26
5.9515121776732094e26
6.03889637220623e26
6.1267712468216794e26
6.215134484352678e26
6.303983797346846e26
6.39331692743988e26
6.483131644746822e26
6.573425747270589e26
6.664197060329158e26
6.755443435995473e26
6.847162752553149e26
6.939352913968479e26
7.032011849378545e26
7.125137512586632e26
7.21872788158191e26
7.312780958058967e26
7.407294766964243e26
7.502267356042408e26
7.597696795401877e26
7.693581177088621e26
7.789918614671542e26
7.886707242841224e26
7.983945217015346e26
8.081630712955135e26
8.179761926394427e26
8.27833707267121e26
8.377354386378228e26
8.476812121012492e26
8.576708548640645e26
8.67704195956907e26
8.777810662020821e26
8.879012981824751e26
8.980647262109354e26
9.08271186299881e26
9.18520516133097e26
9.288125550362642e26
9.391471439499114e26
9.495241254017352e26
9.599433434802242e26
9.704046438088022e26
9.809078735202073e26
9.91452881232064e26
1.0020395170222942e27
1.0126676324055159e27
1.0233370803102215e27
1.0340477150552847e27
1.0447993923287211e27
1.055591969165205e27
