10.72
10.72
10.72
10.72
10.72
10.72
10.72
10.72
10.72
10.72
10.72
10.72
10.72
10.72
10.72
10.72
10.72
10.72
10.72
10.72
10.72
15.465468507012726
15.919417545375694
16.358509824933172
16.772459251724264
17.216269066171424
17.69209325785228
18.278063607092484
19.079266498200695
19.964292938662254
20.638346799983708
21.25467700389175
21.797152410657585
22.25098961891145
22.723254437707627
23.089995150424606
23.467848473477623
23.857151130072467
24.25825004646479
24.671502661122723
25.097277243257402
25.388270515846877
25.835763880747553
26.14160073475058
26.453584909519066
26.933358365862404
27.261256869016236
27.595746132083462
27.93695862933834
28.285029497788038
28.640096590693577
29.002300532166515
29.37178477286306
29.55930262059169
29.939982603265584
30.328314253591223
30.724451370088406
31.12855084262718
31.333636351053453
31.749980441709628
32.17469304858799
32.39023997907387
32.827821802653254
33.274199020886584
33.50074101109545
33.960643905418465
34.429790847917374
34.90836764396052
35.39656383360412
35.64432947194016
36.14731849432616
36.66041759606212
37.4494682896404
37.98874060226217
38.53885228836764
39.10002121936383
39.962994342331775
40.552788528612645
41.45978195381814
42.394258186800776
43.35704998411903
44.34901533568782
45.37103822937449
46.42402943876277
47.508927334786726
48.6266987219581
49.77833969993215
50.96487655117979
52.60304032211266
53.87516842691299
55.18584328541688
56.536232902808294
58.40061608275625
59.84841653067985
61.33790770294652
62.83790770294652
64.33790770294652
65.83790770294652
67.33790770294652
69.33790770294652
70.83790770294652
72.33790770294652
73.83790770294652
74.83790770294652
76.33790770294652
77.83790770294652
78.83790770294652
80.33790770294652
81.33790770294652
82.33790770294652
83.33790770294652
83.83790770294652
84.33790770294652
84.83790770294652
85.33790770294652
85.33790770294652
84.83790770294652
83.83790770294652
82.33790770294652
78.83790770294652
71.83790770294652
74.33790770294652
82.83790770294652
87.33790770294652
90.33790770294652
92.83790770294652
95.33790770294652
96.83790770294652
98.83790770294652
100.33790770294652
101.83790770294652
103.33790770294652
104.33790770294652
105.33790770294652
106.33790770294652
107.33790770294652
108.33790770294652
109.33790770294652
109.83790770294652
110.33790770294652
111.33790770294652
111.83790770294652
112.33790770294652
112.33790770294652
112.83790770294652
113.33790770294652
113.33790770294652
113.33790770294652
113.83790770294652
113.83790770294652
113.83790770294652
113.33790770294652
113.33790770294652
113.33790770294652
112.83790770294652
112.33790770294652
111.83790770294652
111.33790770294652
110.83790770294652
110.33790770294652
109.33790770294652
108.83790770294652
107.83790770294652
107.33790770294652
106.33790770294652
105.33790770294652
104.33790770294652
102.83790770294652
101.83790770294652
100.83790770294652
99.33790770294652
97.83790770294652
96.83790770294652
95.33790770294652
93.83790770294652
92.83790770294652
91.33790770294652
90.33790770294652
89.33790770294652
88.33790770294652
87.33790770294652
85.83790770294652
67.33790770294652
66.83790770294652
65.83790770294652
65.33790770294652
64.83790770294652
63.83790770294652
63.33790770294652
62.83790770294652
61.83790770294652
61.33790770294652
60.83790770294652
60.34070069598665
59.84841653067985
59.36100646601965
58.40061608275625
57.92754067599629
57.45914918415474
56.536232902808294
56.08161673545376
55.18584328541688
54.30772011118212
53.446899432587124
53.02287072533379
52.18736665555709
51.36832531669159
50.565422327900784
49.77833969993215
49.00676570917768
48.6266987219581
47.877816608134594
47.143690430481904
46.42402943876277
45.5735944957817
45.37103822937449
44.68630548904469
44.34901533568782
43.68442048396022
43.032920776355475
42.71200076866879
42.07966157108988
41.768179773356316
41.15443757803776
40.85211641389877
40.000264878704634
39.962994342331775
39.38482143155747
39.10002121936383
38.53885228836764
38.26242800828479
37.98874060226217
37.4494682896404
37.18382998974297
46.069534097784924
36.40259167926942
45.37103822937449
45.02696854393514
44.68630548904469
44.34901533568782
44.01506468879982
43.68442048396022
43.35704998411903
43.032920776355475
42.394258186800776
42.07966157108988
41.768179773356316
41.45978195381814
41.45978195381814
41.15443757803776
40.85211641389877
40.552788528612645
40.256424285755095
39.962994342331775
39.67246964587304
39.38482143155747
39.10002121936383
38.81804081125132
38.53885228836764
38.26242800828479
37.98874060226217
37.98874060226217
37.7177629725368
37.4494682896404
37.18382998974297
36.92082177202274
36.66041759606212
36.66041759606212
36.22120540847213
36.14731849432616
35.894572766659564
35.64432947194016
35.64432947194016
35.39656383360412
35.15125132040012
34.90836764396052
34.66788875639655
34.66788875639655
34.429790847917374
34.19405034447265
33.960643905418465
33.960643905418465
33.7295484212064
33.50074101109545
33.50074101109545
33.274199020886584
33.049900020679786
33.049900020679786
32.827821802653254
32.60794237886461
32.60794237886461
32.39023997907387
32.17469304858799
32.17469304858799
31.961280246126723
31.749980441709628
31.749980441709628
31.54077271456399
31.333636351053453
31.333636351053453
31.12855084262718
31.12855084262718
30.92549588378929
30.724451370088406
30.724451370088406
30.525397396127136
30.525397396127136
30.328314253591223
30.13318242929824
30.13318242929824
29.939982603265584
10.72
29.748695646797607
29.748695646797607
29.55930262059169
29.55930262059169
29.37178477286306
29.37178477286306
29.18612353748818
29.18612353748818
29.002300532166515
29.002300532166515
28.82029755660051
28.82029755660051
28.640096590693577
28.640096590693577
28.461679792765917
28.461679792765917
28.285029497788038
28.285029497788038
28.110128215631722
