10.72
10.72
10.72
10.72
10.72
10.72
10.72
10.72
10.72
10.72
10.72
10.72
10.72
10.72
10.72
10.72
10.72
10.72
10.72
10.72
10.72
15.662213958726154
16.134595148382306
16.53239241113847
16.958884919510762
17.34885407440147
17.834242332335116
18.278063607092484
18.912585529066458
19.599681847143998
20.24743435899666
20.83971557066338
21.468434011669974
21.90892393476416
22.367299515100566
22.844286982084704
23.214695101928854
23.726090227794522
24.123217867786924
24.39463254692944
24.81201768773395
25.242050015689976
25.535953221005347
25.98792151955503
26.296816742098084
26.611920758614257
26.933358365862404
27.4276694377064
27.765503593404297
28.110128215631722
28.461679792765917
28.82029755660051
29.002300532166515
29.37178477286306
29.748695646797607
30.13318242929824
30.525397396127136
30.92549588378929
31.12855084262718
31.54077271456399
31.961280246126723
32.17469304858799
32.60794237886461
33.049900020679786
33.50074101109545
33.7295484212064
34.19405034447265
34.66788875639655
35.15125132040012
35.64432947194016
36.14731849432616
36.66041759606212
37.18382998974297
37.7177629725368
38.26242800828479
39.10002121936383
39.67246964587304
40.552788528612645
41.15443757803776
42.07966157108988
43.032920776355475
44.01506468879982
45.02696854393514
46.069534097784924
47.143690430481904
48.25039477421594
49.390633366269455
50.96487655117979
52.18736665555709
53.446899432587124
54.74459731229394
56.536232902808294
57.92754067599629
59.36100646601965
60.83790770294652
62.33790770294652
63.83790770294652
65.33790770294652
67.33790770294652
68.83790770294652
70.33790770294652
71.83790770294652
73.33790770294652
74.33790770294652
75.83790770294652
77.33790770294652
78.33790770294652
79.83790770294652
80.83790770294652
81.83790770294652
82.33790770294652
83.33790770294652
83.83790770294652
84.33790770294652
84.33790770294652
84.33790770294652
83.83790770294652
83.33790770294652
81.33790770294652
78.33790770294652
71.33790770294652
61.83790770294652
82.33790770294652
86.83790770294652
89.83790770294652
92.33790770294652
94.33790770294652
96.33790770294652
98.33790770294652
99.83790770294652
101.33790770294652
102.33790770294652
103.83790770294652
104.83790770294652
105.83790770294652
106.83790770294652
107.83790770294652
108.33790770294652
109.33790770294652
109.83790770294652
110.83790770294652
111.33790770294652
111.83790770294652
112.33790770294652
112.33790770294652
112.83790770294652
112.83790770294652
113.33790770294652
113.33790770294652
113.33790770294652
113.33790770294652
113.33790770294652
113.33790770294652
112.83790770294652
112.83790770294652
112.33790770294652
111.83790770294652
111.33790770294652
110.83790770294652
110.33790770294652
109.83790770294652
108.83790770294652
108.33790770294652
107.33790770294652
106.33790770294652
105.33790770294652
104.33790770294652
103.33790770294652
102.33790770294652
100.83790770294652
99.83790770294652
98.83790770294652
97.33790770294652
96.33790770294652
94.83790770294652
93.83790770294652
92.33790770294652
91.33790770294652
90.33790770294652
89.33790770294652
88.33790770294652
87.33790770294652
86.33790770294652
85.33790770294652
84.83790770294652
83.83790770294652
82.83790770294652
82.33790770294652
81.33790770294652
80.33790770294652
79.33790770294652
77.83790770294652
76.83790770294652
75.33790770294652
74.33790770294652
72.83790770294652
71.33790770294652
70.33790770294652
68.83790770294652
67.83790770294652
56.536232902808294
55.631501718271046
64.83790770294652
64.33790770294652
63.33790770294652
62.83790770294652
61.83790770294652
61.33790770294652
60.34070069598665
59.84841653067985
59.36100646601965
58.40061608275625
57.92754067599629
57.45914918415474
56.35905218836411
56.08161673545376
55.631501718271046
54.74459731229394
54.30772011118212
53.87516842691299
53.446899432587124
52.60304032211266
52.18736665555709
51.775808569858505
51.36832531669159
50.60329743223496
50.16992309693147
49.77833969993215
49.390633366269455
49.00676570917768
48.6266987219581
47.877816608134594
47.508927334786726
47.143690430481904
46.7820697331504
46.42402943876277
46.069534097784924
45.71854861166824
45.37103822937449
44.68630548904469
44.34901533568782
44.01506468879982
43.68442048396022
43.35704998411903
43.032920776355475
42.71200076866879
42.394258186800776
42.07966157108988
41.768179773356316
41.45978195381814
41.15443757803776
40.85211641389877
40.552788528612645
40.256424285755095
39.962994342331775
39.67246964587304
39.67246964587304
39.38482143155747
39.10002121936383
38.81804081125132
38.53885228836764
38.26242800828479
37.98874060226217
37.7177629725368
37.4494682896404
37.4494682896404
37.18382998974297
36.92082177202274
36.43533990563507
36.40259167926942
36.14731849432616
36.14731849432616
35.894572766659564
35.64432947194016
35.39656383360412
35.39656383360412
35.15125132040012
34.90836764396052
34.66788875639655
34.66788875639655
34.429790847917374
34.19405034447265
33.960643905418465
33.960643905418465
33.7295484212064
33.50074101109545
33.50074101109545
33.274199020886584
33.049900020679786
32.827821802653254
32.827821802653254
32.60794237886461
32.39023997907387
32.39023997907387
32.17469304858799
31.961280246126723
31.961280246126723
31.749980441709628
31.749980441709628
31.54077271456399
31.333636351053453
31.333636351053453
31.12855084262718
31.12855084262718
30.92549588378929
30.724451370088406
30.724451370088406
30.525397396127136
30.525397396127136
30.328314253591223
30.13318242929824
10.72
29.939982603265584
29.939982603265584
29.748695646797607
29.748695646797607
29.55930262059169
29.55930262059169
29.37178477286306
29.37178477286306
29.18612353748818
29.18612353748818
29.002300532166515
29.002300532166515
28.82029755660051
28.82029755660051
28.640096590693577
28.640096590693577
28.461679792765917
28.461679792765917
28.285029497788038
