31.12855084262718
29.37178477286306
30.525397396127136
31.12855084262718
41.15443757803776
30.724451370088406
30.525397396127136
31.54077271456399
31.12855084262718
31.54077271456399
31.749980441709628
31.333636351053453
31.12855084262718
32.60794237886461
32.17469304858799
32.60794237886461
38.26242800828479
33.7295484212064
33.960643905418465
33.049900020679786
36.40259167926942
32.17469304858799
33.274199020886584
34.66788875639655
33.7295484212064
35.894572766659564
34.429790847917374
33.960643905418465
34.90836764396052
34.66788875639655
35.64432947194016
35.894572766659564
37.18382998974297
35.64432947194016
35.39656383360412
36.66041759606212
36.92082177202274
37.4494682896404
35.894572766659564
36.92082177202274
37.4494682896404
37.7177629725368
37.4494682896404
41.45978195381814
40.85211641389877
37.18382998974297
39.10002121936383
73.83790770294652
39.10002121936383
37.98874060226217
37.4494682896404
38.26242800828479
39.10002121936383
38.26242800828479
38.53885228836764
38.81804081125132
40.552788528612645
38.81804081125132
39.962994342331775
40.85211641389877
40.256424285755095
44.01506468879982
42.07966157108988
42.394258186800776
40.85211641389877
41.768179773356316
41.768179773356316
43.35704998411903
42.394258186800776
44.01506468879982
42.71200076866879
43.68442048396022
46.069534097784924
46.7820697331504
45.37103822937449
46.7820697331504
48.25039477421594
54.30772011118212
48.6266987219581
51.36832531669159
63.33790770294652
50.565422327900784
52.18736665555709
53.02287072533379
55.631501718271046
56.536232902808294
58.40061608275625
71.33790770294652
60.83790770294652
63.83790770294652
67.83790770294652
67.83790770294652
66.33790770294652
72.83790770294652
72.83790770294652
72.83790770294652
77.83790770294652
77.33790770294652
79.33790770294652
82.33790770294652
90.83790770294652
83.33790770294652
90.83790770294652
87.83790770294652
91.33790770294652
99.83790770294652
96.33790770294652
95.33790770294652
105.83790770294652
103.83790770294652
101.33790770294652
99.83790770294652
101.83790770294652
105.33790770294652
104.83790770294652
105.83790770294652
103.83790770294652
102.33790770294652
103.33790770294652
110.33790770294652
89.33790770294652
98.83790770294652
109.83790770294652
114.33790770294652
135.83790770294652
117.33790770294652
117.83790770294652
126.33790770294652
129.83790770294652
129.33790770294652
126.33790770294652
132.33790770294652
133.83790770294652
148.33790770294652
190.83790770294652
140.83790770294652
146.83790770294652
140.33790770294652
143.33790770294652
145.33790770294652
140.83790770294652
194.83790770294652
156.83790770294652
186.33790770294652
146.33790770294652
161.83790770294652
167.83790770294652
153.33790770294652
153.83790770294652
151.83790770294652
172.83790770294652
151.83790770294652
171.33790770294652
155.83790770294652
182.33790770294652
185.33790770294652
171.33790770294652
175.33790770294652
163.83790770294652
187.83790770294652
200.83790770294652
207.33790770294652
178.83790770294652
185.33790770294652
169.33790770294652
164.83790770294652
192.33790770294652
205.33790770294652
192.83790770294652
186.83790770294652
181.83790770294652
170.83790770294652
189.33790770294652
170.33790770294652
228.33790770294652
170.83790770294652
182.33790770294652
171.33790770294652
205.83790770294652
177.83790770294652
191.83790770294652
173.83790770294652
187.33790770294652
172.83790770294652
195.83790770294652
168.83790770294652
206.33790770294652
161.33790770294652
211.33790770294652
178.33790770294652
165.83790770294652
164.83790770294652
153.83790770294652
147.33790770294652
137.83790770294652
150.83790770294652
129.33790770294652
136.33790770294652
142.33790770294652
149.33790770294652
136.33790770294652
118.83790770294652
121.83790770294652
118.83790770294652
118.83790770294652
126.33790770294652
125.33790770294652
108.33790770294652
91.33790770294652
110.33790770294652
124.83790770294652
108.83790770294652
96.83790770294652
99.33790770294652
80.3990246475015
103.83790770294652
105.83790770294652
89.83790770294652
76.83790770294652
71.83790770294652
71.33790770294652
109.83790770294652
85.83790770294652
68.83790770294652
89.33790770294652
67.2737854212315
67.33790770294652
64.83790770294652
79.33790770294652
61.83790770294652
62.33790770294652
61.83790770294652
60.83790770294652
61.33790770294652
61.33790770294652
63.33790770294652
60.83790770294652
62.83790770294652
56.995395231836376
57.92754067599629
56.536232902808294
57.45914918415474
56.995395231836376
58.87842224358381
53.446899432587124
54.74459731229394
53.87516842691299
52.18736665555709
54.30772011118212
51.775808569858505
50.16992309693147
50.96487655117979
56.995395231836376
53.446899432587124
50.565422327900784
48.25039477421594
50.16992309693147
50.16992309693147
50.96487655117979
47.143690430481904
50.565422327900784
50.565422327900784
46.069534097784924
50.565422327900784
45.02696854393514
44.34901533568782
44.34901533568782
43.68442048396022
44.24997877479079
48.6266987219581
45.37103822937449
45.71854861166824
43.35704998411903
44.01506468879982
44.68630548904469
43.35704998411903
46.7820697331504
40.85211641389877
40.85211641389877
40.85211641389877
40.256424285755095
41.15443757803776
41.15443757803776
41.768179773356316
39.38482143155747
39.10002121936383
40.256424285755095
38.81804081125132
39.10002121936383
38.26242800828479
38.53885228836764
38.53885228836764
39.67246964587304
51.36832531669159
36.92082177202274
37.18382998974297
40.85211641389877
44.01506468879982
36.40259167926942
38.53885228836764
36.92082177202274
35.894572766659564
35.64432947194016
36.40259167926942
35.15125132040012
36.14731849432616
36.40259167926942
36.66041759606212
34.90836764396052
34.429790847917374
36.66041759606212
10.72
35.39656383360412
35.39656383360412
34.429790847917374
35.64432947194016
43.032920776355475
33.274199020886584
33.960643905418465
39.962994342331775
33.274199020886584
33.960643905418465
33.7295484212064
32.827821802653254
32.60794237886461
33.049900020679786
32.827821802653254
36.66041759606212
35.15125132040012
33.274199020886584
38.53885228836764
