             NaN
   1.7575287e-06
   3.7418542e-06
   4.4810915e-06
   4.7837075e-06
   4.9135200e-06
   4.9744092e-06
   5.0236453e-06
   5.0577340e-06
   5.0911656e-06
   5.1254728e-06
   5.1604591e-06
   5.1985674e-06
   5.2238052e-06
   5.2554956e-06
   5.2942842e-06
   5.3236106e-06
   5.3463038e-06
   5.3745492e-06
   5.4113214e-06
   5.4234227e-06
   5.4086530e-06
   5.4962694e-06
   5.5465465e-06
   5.2895678e-06
   4.8795896e-06
   4.8933934e-06
   6.3950968e-06
   5.7960996e-06
   7.3041707e-06
   5.1885201e-06
   1.6467214e-06
   9.1089299e-06
   5.8024383e-06
   5.4756889e-06
   4.8354835e-06
   7.3972270e-06
   2.1345167e-06
   1.4505464e-05
  -1.0606750e-05
   1.6613710e-05
   1.1952677e-05
   2.6205546e-06
  -2.3103775e-05
   4.2492524e-05
  -7.9600103e-05
   3.2882575e-06
  -4.1864882e-06
   5.8346575e-06
   9.4144656e-06
  -3.9576907e-05
   8.0619654e-05
  -2.4404723e-05
  -3.0171035e-05
   3.0915713e-06
  -5.1981766e-06
  -4.1988769e-06
  -6.4137598e-06
  -3.7732007e-05
  -2.0242698e-05
  -2.5155811e-05
  -3.5726230e-05
  -4.8023409e-05
  -1.8554212e-04
  -2.9172115e-04
  -7.7763976e-05
  -1.1645111e-04
  -1.7211828e-04
  -3.1014906e-04
  -2.0338628e-04
  -3.4351762e-04
  -4.5894471e-04
  -6.3966400e-04
  -9.7679765e-04
  -1.1229024e-03
  -1.6089370e-03
  -2.2226276e-03
  -3.0629214e-03
  -4.3664347e-03
  -6.2139541e-03
  -8.8528034e-03
  -1.2662318e-02
  -1.8177516e-02
  -2.6295863e-02
  -3.8122777e-02
  -5.5486407e-02
  -8.1049390e-02
  -1.1875021e-01
  -1.7461021e-01
  -2.5747068e-01
  -3.8073176e-01
  -5.6451248e-01
  -8.3916038e-01
  -1.2504252e+00
  -1.8673917e+00
  -2.7943383e+00
  -4.1884600e+00
  -6.2857587e+00
  -9.4385620e+00
  -1.4166306e+01
  -2.1223234e+01
