0.033748281923910994	5.553942076792961e-9
0.11826339187988033	2.045239325616776e-8
0.2036236529354074	3.7829660616838614e-8
0.28983751660150325	5.8200627306499206e-8
0.3769135189042583	8.175663256909704e-8
0.46486028123003287	1.0862670523679899e-7
0.5536865111790679	1.3894845445671737e-7
0.6434010034276039	1.7288403936996738e-7
0.7340126405986158	2.1062374160171744e-7
0.8255303941413406	2.523867515881109e-7
0.9179633252194908	2.984213560327035e-7
1.0113205856084218	3.490050196115143e-7
1.1056114186012511	4.0444441083768795e-7
1.2008451599240022	4.650752827155751e-7
1.2970312386599847	5.312620597650057e-7
1.3941791781833235	6.033969440619388e-7
1.492298597101902	6.818983171839739e-7
1.5418489036557848	7.234915966422178e-7
1.591894713275197	7.670507254475973e-7
1.6424409809908003	8.126619920444005e-7
1.6934927113835752	8.604147421477593e-7
1.7450549590802655	9.104012570957281e-7
1.7971328292539201	9.627165842194348e-7
1.8497314781293195	1.0174583122147717e-6
1.9028561134934652	1.0747262843085134e-6
1.9565119952112564	1.1346222421490025e-6
2.010704435746229	1.1972493939615193e-6
2.065438800686552	1.2627119017845673e-6
2.1207205092762837	1.3311142847565937e-6
2.1765550349519014	1.4025607386786002e-6
2.232947905884286	1.4771543766507037e-6
2.2899047055259825	1.5549964016002924e-6
2.347431073164108	1.6361852289915021e-6
2.405532704478608	1.7208155867013495e-6
2.4642153521062493	1.8089776284415349e-6
2.523484826210174	1.900756106275501e-6
2.5833469950551358	1.996229655438883e-6
2.643807785588548	2.0954702491950557e-6
2.704873184027301	2.198542881113146e-6
2.7665492364504285	2.3055055253972223e-6
2.8288420493977906	2.4164094118116606e-6
2.891757790474623	2.531299630422635e-6
2.955302688962229	2.650216054298058e-6
3.019483036434716	2.773194538319009e-6
3.084305187381924	2.9002683233560494e-6
3.149775559838597	3.031469551687856e-6
3.2159006360198372	3.16683078569641e-6
3.2826869629628863	3.306386420213168e-6
3.35014115317537	3.4501738900299997e-6
3.418269885289975	3.598234596430428e-6
3.487079904725734	3.750614506626314e-6
3.5565780243558454	3.907364413091407e-6
3.6267711251822643	4.068539871220511e-6
3.6976661570169522	4.234200859547966e-6
3.7692701391699845	4.404411224398379e-6
3.84159016114455	4.579237979408103e-6
3.9146333833388613	4.758750530429401e-6
3.988407037755115	4.943019889557845e-6
4.062918428715543	5.1321179306194055e-6
4.138174933585548	5.32611672471135e-6
4.214184003504267	5.52508798032503e-6
4.2909531641221665	5.729102599723586e-6
4.368490016346245	5.938230352591542e-6
4.446802237092564	6.152539659973472e-6
4.525897580046356	6.372097476220955e-6
4.605783876429692	6.596969253809024e-6
4.686469035776861	6.827218975025212e-6
4.767961046717497	7.062909235150585e-6
4.850267977767517	7.3041013633434795e-6
4.933397978128058	7.550855569529167e-6
5.017359278492188	7.803231107834926e-6
5.102160191859975	8.061286449215382e-6
5.18780911436143	8.325079457708072e-6
5.2743145260878865	8.594667566147773e-6
5.361684991931641	8.87010794811765e-6
5.449929162433813	9.151457683417316e-6
5.5390557746410085	9.43877391442359e-6
5.6290736529702645	9.732113990416533e-6
5.719991710082839	1.003153559627984e-5
5.811818947766527	1.0337096860940787e-5
5.904564457827037	1.0648856439473999e-5
5.998237422988177	1.0966873560874295e-5
6.092847117800924	1.1291208031007708e-5
6.1884029095617965	1.1621920177017007e-5
6.284914259240262	1.1959070715269303e-5
6.38239072241551	1.2302720519510963e-5
6.480841950222507	1.2652930258865157e-5
6.5802776903076055	1.3009759866181577e-5
6.680707787793532	1.3373267785368499e-5
6.782142186254321	1.3743509930849613e-5
6.884590928699739	1.4120538272015438e-5
6.98806415856958	1.4504398928964607e-5
7.092572120738128	1.4895129630985558e-5
7.198125162528379	1.529275634375572e-5
7.30473373473651	1.5697288812643515e-5
7.412408392666743	1.6108714696014358e-5
7.521159797176269	1.6526991875215873e-5
7.630998715730906	1.6952038435923657e-5
7.7419360234710854	1.738371974605744e-5
7.853982704288649	1.7821832074456964e-5
7.967149851914401	1.8266082441643855e-5
8.081448671016398	1.871606513025326e-5
8.196890478309422	1.9171236912475057e-5
8.313486703675368	1.9630895981715934e-5
8.431248891294993	2.0094173599438347e-5
8.550188700790793	2.0560050406193094e-5
8.670317908381557	2.102740591503335e-5
8.791648408048234	2.1495094620121962e-5
8.914192212711578	2.1962020590905162e-5
9.037961455421568	2.242717542908188e-5
9.162968390558648	2.2889626776517237e-5
9.289225395047085	2.3348476621250155e-5
9.416744969580408	2.3802818414307167e-5
9.545539739859068	2.4251708258379027e-5
9.675622457840527	2.4694150034720028e-5
9.741314230421176	2.491062733945015e-5
9.807662920727624	2.5126282144873606e-5
9.874675097937144	2.534091336111418e-5
9.942357396918746	2.5554313605241574e-5
10.010716518890144	2.576626977983957e-5
10.07975923208126	2.5976562922936644e-5
10.149492372404305	2.6184967713360652e-5
10.219922844130567	2.6391251844819706e-5
10.291057620574096	2.659517538159515e-5
10.362903744782068	2.6796490150535586e-5
10.435468330232114	2.6994939191767776e-5
10.508758561536675	2.7190256273689802e-5
10.582781695154262	2.7382165469808635e-5
10.657545060108022	2.757038079182095e-5
10.733056058711314	2.775460587268528e-5
10.809322167300666	2.7934533693947194e-5
10.88635093697591	2.8109846352591978e-5
10.964149994347894	2.8280214863793147e-5
11.0427270422936	2.8445298996992942e-5
11.122089860718747	2.8604747143687633e-5
11.202246307328148	2.8758196216114152e-5
11.283204318403657	2.8905271576786306e-5
11.36497190958992	2.904558699948488e-5
11.447557176688052	2.9178744663009882e-5
11.530968296457162	2.930433517970396e-5
11.615213527423949	2.9421937661480234e-5
11.700301210700426	2.9531119827196917e-5
11.786239770809646	2.963143815641406e-5
11.873037716519983	2.9722438095308428e-5
11.960703641687411	2.980365432375977e-5
12.04924622610652	2.9874611094682417e-5
12.13867423636981	2.993482265536341e-5
12.22899652673573	2.998379377354881e-5
12.3202220400053	3.002102038997224e-5
12.412359808407567	3.004599040811136e-5
12.505418954493885	3.005818468608248e-5
12.599408692041054	3.0057078255066876e-5
12.69433832696369	3.0042141769606947e-5
12.790217258235552	3.0012843376217716e-5
12.88705497882014	2.9968650942746877e-5
12.984861076610565	2.9909034696147445e-5
12.916354764621095	2.9388063487231867e-5
12.816582764265062	2.8776520587036587e-5
12.71581304390549	2.8157336343387263e-5
12.614035626342334	2.753136637676137e-5
12.51124043460352	2.6899505392900047e-5
12.459328862775413	2.656909264736503e-5
12.406898175229037	2.6237561240045577e-5
12.353943180807198	2.590475194170432e-5
12.300458636441126	2.5570565818925497e-5
12.246439246631423	2.52349514502871e-5
12.19187966292361	2.4897896124592092e-5
12.1367744833787	2.4559419593162627e-5
12.081118252038342	2.421956761933135e-5
12.024905458384593	2.3878407030442585e-5
11.968130536794325	2.3536023657996816e-5
11.910787865988132	2.3192519674909944e-5
11.852871768473866	2.284800958228048e-5
11.794376509984458	2.2502618730083308e-5
11.735296298910155	2.2156483529262856e-5
11.675625285725117	2.1809749036668446e-5
11.615357562408247	2.1462565953097797e-5
11.55448716185821	2.1115091098581285e-5
11.49300805730268	2.0767488060986306e-5
11.430914161701592	2.0419924273432776e-5
11.368199327144465	2.007256871652451e-5
11.30485734424178	1.972559348983104e-5
11.24088194151008	1.9379174344198026e-5
11.176266784751062	1.9033487318437806e-5
11.11100547642445	1.8688706825961775e-5
11.04509155501455	1.834500779282228e-5
10.978518494390576	1.800256625605536e-5
10.911279703160352	1.7661555834262164e-5
10.84336852401781	1.732214569914974e-5
10.774778233083863	1.698450288309187e-5
10.705502039240583	1.6648793483645462e-5
10.635533083458858	1.6315179435766425e-5
10.56486443811932	1.5983815823946623e-5
10.493489106326392	1.5654852749477093e-5
10.421400021215538	1.5328437617704755e-5
10.348590045253564	1.5004713104157442e-5
10.275051969531978	1.4683813673668373e-5
10.200778513053178	1.4365865949227845e-5
10.125762322009576	1.4050991750044932e-5
10.049995969055535	1.3739308416664668e-5
9.97347195257196	1.3430925637839335e-5
9.896182695923534	1.3125943494590305e-5
9.818120546708625	1.2824454388552627e-5
9.739277776001577	1.2526545699459397e-5
9.659646577587479	1.2232299248276618e-5
9.579219067189205	1.194178845188648e-5
9.497987281686958	1.1655077164895155e-5
9.415943178329703	1.1372221662805573e-5
9.333078633938866	1.109327308999411e-5
9.24938544410414	1.0818277427938765e-5
9.164855322371052	1.0547273392683305e-5
9.079479899420638	1.0280291079180014e-5
8.993250722240708	1.0017353000027074e-5
8.906159253288996	9.758476343342812e-6
8.818196869647762	9.503674161041915e-6
8.72935486217011	9.252954644915607e-6
8.639624434617671	9.006319683279675e-6
8.548996702789728	8.763764395503292e-6
8.45746269364349	8.52527816271436e-6
8.36501334440578	8.290846262351421e-6
8.271639501675713	8.060450869920191e-6
8.17733192051834	7.834070951806742e-6
8.082081263549389	7.611681541891829e-6
7.9858781000107495	7.3932532539886236e-6
7.888712904836742	7.178752521347809e-6
7.790576057710984	6.968142435618381e-6
7.691457842113975	6.761383688454864e-6
7.591348444360987	6.558435174815328e-6
7.490237952630471	6.359254132954764e-6
7.3881163559826515	6.163795994389958e-6
7.284973543368357	5.972014225149181e-6
7.180799302627902	5.783860358533197e-6
7.075583319480051	5.599284258768543e-6
6.969315176500727	5.418234527530157e-6
6.861984352091616	5.240658924087103e-6
6.75358021943841	5.066504703075092e-6
6.6440920454586685	4.895718837900574e-6
6.533508989739131	4.728248151822017e-6
6.477664546600769	4.645038211989969e-6
6.421261659031016	4.562276534399782e-6
6.364294742585569	4.479965670384414e-6
6.3067581569756594	4.398108285748565e-6
6.2486462055096705	4.316707138161184e-6
6.189953134529004	4.235765058365139e-6
6.1306731328385435	4.155284934779208e-6
6.070800331131151	4.0752697010578835e-6
6.010328801406692	3.9957223262001425e-6
5.949252556384982	3.916645806837931e-6
5.887565548913058	3.8380431613776536e-6
5.825261671366432	3.7599174257239114e-6
5.76233475504432	3.682271650363837e-6
5.6987785695589945	3.605108898643673e-6
5.634586822218827	3.5284322461147677e-6
5.569753157405243	3.4522447808659912e-6
5.50427115594354	3.3765496047942854e-6
5.438134334467199	3.3013498357874163e-6
5.371336144776121	3.226648610817561e-6
5.303869973188119	3.1524490899514016e-6
5.2357291398842545	3.078754461298224e-6
5.1669068982473245	3.0055679469186645e-6
5.097396434194023	2.9328928097240497e-6
5.0271908655002076	2.8607323613995653e-6
4.956283241119456	2.7890899713867098e-6
4.884666540494903	2.7179690769678267e-6
4.812333672864083	2.6473731944979463e-6
4.739277476556948	2.5773059318397954e-6
4.665490718286746	2.507771002063533e-6
4.590966092433865	2.438772238485625e-6
4.515696220322431	2.370313611132808e-6
4.439673649489903	2.302399244730826e-6
4.362890852949034	2.235033438334858e-6
4.285340228442761	2.168220686736339e-6
4.2070140976914185	2.101965703800661e-6
4.127904705632565	2.0362734479156234e-6
4.048004219653135	1.9711491497544967e-6
3.96730472881392	1.9065983425891102e-6
3.8857982430662954	1.842626895421492e-6
3.80347669246118	1.77924104924481e-6
3.720331926350026	1.7164474567858378e-6
3.6363557125777515	1.6542532261402942e-6
3.5515397366677828	1.5926659687734036e-6
3.4658756009987126	1.53169385243157e-6
3.37935482397293	1.4713456596061126e-6
3.291968839176901	1.4116308522906154e-6
3.2037089945329225	1.3525596439032831e-6
3.1145665514424916	1.294143079397336e-6
3.0245326839211497	1.2363931247580866e-6
2.933598477724585	1.1793227673014395e-6
2.8417549294660684	1.1229461284393027e-6
2.7489929457249698	1.067278590882126e-6
2.655303342146466	1.012336942617271e-6
2.560676842532187	9.581395404528774e-7
2.465104077921735	9.047064964831944e-7
2.368575585665175	8.520598915464804e-7
2.2710818084860787	8.002240206563517e-7
2.1726130935351886	7.492256765616216e-7
2.073159691434773	6.990944790860475e-7
1.9727117553133535	6.498632598351237e-7
1.8712593398307344	6.015685143447457e-7
1.7687924001932966	5.542509369961342e-7
1.665300791159451	5.079560583172845e-7
1.5607742660352866	4.627350100727962e-7
1.4552024756598794	4.186454514647292e-7
1.348574967380726	3.757527007755073e-7
1.2408811840187663	3.341311322917101e-7
1.1321104628231762	2.9386592046413297e-7
1.0222520344156418	2.5505524516359374e-7
0.9112950217240492	2.178131181809797e-7
0.799228438905514	1.8227305746159707e-7
0.686041190258825	1.4859292403718168e-7
0.571722069125661	1.1696131940537639e-7
0.45625975678114905	8.760581580491958e-8
0.33964282131319656	6.080166859844019e-8
0.28075126890187896	4.8414471099286086e-8
0.22127080096646345	3.67378465565576e-8
0.16119552835168882	2.5810005160667538e-8
0.10051950301077106	1.561703130362384e-8
0.03923671741643453	5.997542524981159e-9
-0.022658896033847853	3.4839455256349637e-9
-0.0851734656186185	1.3490027293036057e-8
-0.14831318089923862	2.4609147212440667e-8
-0.21208429333269585	3.717707197840725e-8
-0.27649311689048695	5.1349639023534196e-8
-0.34154602868382433	6.720964438486554e-8
-0.40724946959509545	8.482007539617728e-8
-0.4736099449155038	1.0424346565086198e-7
-0.5406340249891048	1.255484470192619e-7
-0.6083283458634501	1.4881206986129323e-7
-0.6766996099465192	1.7412073344831277e-7
-0.7457545866704383	2.0157065406579843e-7
-0.8155001131615922	2.3126818691936847e-7
-0.8859430949176659	2.633301127332857e-7
-0.9570905064912925	2.9788392504445024e-7
-1.0289493921806656	3.350681240736744e-7
-1.1015268667269016	3.750325092586151e-7
-1.1748301160186134	4.179384548303526e-7
-1.2488663978032353	4.6395914718994905e-7
-1.3236430424057009	5.132797576173841e-7
-1.3991674534541918	5.660975182669002e-7
-1.475447108613169	6.226216631282652e-7
-1.5524895603237585	6.830731885859905e-7
-1.630302436551455	7.476843805239527e-7
-1.708893441541429	8.166980470564835e-7
-1.788270356581295	8.903663888034539e-7
-1.8684410407715522	9.689494337263308e-7
-1.9494134318037002	1.0527129633846942e-6
-2.0311955467461704	1.1419258656937767e-6
-2.113795482838073	1.2368568707216952e-6
-2.197221418290903	1.337770666381758e-6
-2.281481613098274	1.4449234552620228e-6
-2.3665844098537168	1.5585581047947118e-6
-2.4525382345766875	1.678899156995685e-6
-2.5393515975468848	1.806148087948402e-6
-2.627033094146812	1.940479315926878e-6
-2.7155914057127237	2.082037514775037e-6
-2.8050353003943105	2.230936756926247e-6
-2.8953736340226985	2.387261859888246e-6
-2.986615350987366	2.551072039996058e-6
-3.07876948512169	2.7224066256398463e-6
-3.17184516059735	2.9012922242728503e-6
-3.2658515928277723	3.0877504665100134e-6
-3.360798089380509	3.2818053455392333e-6
-3.4566940508987756	3.4834892645264367e-6
-3.5535489720322246	3.692847172504719e-6
-3.6513724423769958	3.909938534526316e-6
-3.750174147425213	4.134837248520805e-6
-3.849963869523897	4.367629906886583e-6
-3.9507514888435793	4.608412959625203e-6
-4.052546984356468	4.857289363949849e-6
-4.1039537095904635	4.984728739760266e-6
-4.155874502076799	5.114876206136252e-6
-4.208314502488001	5.247777373196427e-6
-4.261278902903335	5.383478133109731e-6
-4.314772947322808	5.522024614627278e-6
-4.3688019321864715	5.6634631328516626e-6
-4.423371206898764	5.807840140772152e-6
-4.4784861743581885	5.955202186327326e-6
-4.534152291492205	6.105595877075903e-6
-4.590375069797567	6.2590678534510985e-6
-4.647160075885978	6.415664770836857e-6
-4.704512932035264	6.575433290202364e-6
-4.762439316746047	6.73842007671561e-6
-4.820944965303958	6.904671805555607e-6
-4.880035670347439	7.07423517405559e-6
-4.939717282441357	7.2471569192802315e-6
-4.999995710656208	7.423483840169911e-6
-5.060876923153209	7.6032628234433074e-6
-5.122366947775191	7.786540872532058e-6
-5.184471872643378	7.973365138904674e-6
-5.247197846760251	8.163782955222743e-6
-5.310551080618303	8.357841869843665e-6
-5.374537846814945	8.555589682244705e-6
-5.439164480673554	8.757074478977547e-6
-5.5044373808707405	8.962344669780787e-6
-5.570363010069904	9.171449023466268e-6
-5.636947895561043	9.384436703159122e-6
-5.704198629907097	9.601357300406642e-6
-5.772121871596617	9.822260867574738e-6
-5.840724345703009	1.0047197947816032e-5
-5.9100128445504865	1.0276219601720849e-5
-5.979994228386424	1.050937742953889e-5
-6.050675426060742	1.0746723587577646e-5
-6.1220634357117945	1.0988310797026596e-5
-6.194165325459359	1.1234192343020432e-5
-6.266988234104382	1.1484422061197678e-5
-6.34053937183586	1.1739054308337787e-5
-6.414826020944652	1.1998143912808448e-5
-6.489855536544539	1.226174609952147e-5
-6.565635347300422	1.2529916382794833e-5
-6.642172956163876	1.280271041893388e-5
-6.719475941115952	1.3080183808358672e-5
-6.797551955917548	1.3362391834655671e-5
-6.876408730867162	1.36493891248726e-5
-6.956054073566293	1.394122921155903e-5
-7.036495869692406	1.423796397228653e-5
-7.1177420837797705	1.453964291639425e-5
-7.1998007600080065	1.4846312281227041e-5
-7.282680022998516	1.5158013890783437e-5
-7.366388078618929	1.547478371812106e-5
-7.4509332147955725	1.5796650078748908e-5
-7.536323802333971	1.6123631365427765e-5
-7.622568295747765	1.6455733215702394e-5
-7.709675234095695	1.679294498356578e-5
-7.79765324182711	1.7135235369576095e-5
-7.88651102963583	1.748254705728673e-5
-7.976257395322637	1.783479022290288e-5
-8.066901224666292	1.819183485615436e-5
-8.158451492303403	1.8553501996396112e-5
-8.250917262616884	1.891955430960412e-5
-8.344307690633482	1.9289686974312608e-5
-8.438632022930246	1.966352062643685e-5
-8.533899598549997	2.0040598990271965e-5
-8.63011984992595	2.042039431532057e-5
-8.727302303815659	2.080232295691847e-5
-8.825456582244254	2.1185770507726342e-5
-8.924592403457144	2.1570121153305082e-5
-9.02471958288216	2.195478207751741e-5
-9.125848034101434	2.2339194548943874e-5
-9.227987769832875	2.2722829522755573e-5
-9.331148902921658	2.310517280621872e-5
-9.435341647341307	2.3485707704702617e-5
-9.540576319205154	2.3863900820748983e-5
-9.64686333778764	2.4239192726368254e-5
-9.754213226555944	2.461099265017386e-5
-9.862636614211933	2.4978675659211045e-5
-9.972144235744505	2.5341581160436256e-5
-10.082746933492384	2.5699012056284e-5
-10.194455658217752	2.6050234240001585e-5
-10.307281470190357	2.639447630030286e-5
-10.421235540282712	2.673092938899813e-5
-10.536329151075979	2.705874724111569e-5
-10.652573697977193	2.7377046351256355e-5
-10.769980690347392	2.768490631454523e-5
-10.88856175264129	2.798137034097356e-5
-10.948445189099719	2.8119949317363058e-5
-11.008927459922713	2.8256618765471588e-5
-11.070014553453962	2.839105259355767e-5
-11.131712517920523	2.8522953507801862e-5
-11.194027462031737	2.8652043692631252e-5
-11.256965555584085	2.8778058098403165e-5
-11.320533030071925	2.8900739522239583e-5
-11.384736179304642	2.9019834958803586e-5
-11.449581360029686	2.9135092870235948e-5
-11.515074992562003	2.9246261131101017e-5
-11.581223561419652	2.9353085473766874e-5
-11.648033615965854	2.9455308307721304e-5
-11.715511771057539	2.9552667819980323e-5
-11.783664707700144	2.964489728891744e-5
-11.852499173709166	2.973172456146471e-5
-11.922021984378286	2.9812871657430844e-5
-11.9922400231541	2.988805447526627e-5
-12.063160242317668	2.995698257874148e-5
-12.134789663672858	3.001935905631957e-5
-12.20713537924161	3.0074880435995252e-5
-12.280204551966055	3.01232366674958e-5
-12.354004416417713	3.016411114347559e-5
-12.428542279513895	3.0197180803402932e-5
-12.503825521241037	3.0222116263113797e-5
-12.579861595385456	3.023858206071709e-5
-12.65665803027132	3.024623692225432e-5
-12.734222429506044	3.0244734183659957e-5
-12.81256247273311	3.0233722258308232e-5
-12.89168591639245	3.021284527158197e-5
-12.971600594488375	3.018174385506454e-5
-12.947685580634742	2.9859760748531536e-5
-12.866164617509066	2.937623649618472e-5
-12.78382844475214	2.8885854882791322e-5
-12.700668910267654	2.8389003816116872e-5
-12.616677780438332	2.7886098454903078e-5
-12.531846739310703	2.7377582443950694e-5
-12.446167387771789	2.686392663961675e-5
-12.359631242717485	2.6345628443116014e-5
-12.272229736212632	2.5823209652535092e-5
-12.183954214642727	2.529721462855534e-5
-12.094795937857123	2.4768208601278755e-5
-12.004746078303691	2.4236773934243023e-5
-11.913795720154711	2.3703509886665113e-5
-11.821935858424235	2.316902636880324e-5
-11.729157398076461	2.2633944989337654e-5
-11.635451153125198	2.2098891783681898e-5
-11.540807845724432	2.1564496619445517e-5
-11.445218105249674	2.1031389244089084e-5
-11.348672467370166	2.050019283950912e-5
-11.299916920241026	2.0227277526495147e-5
-11.250673817640584	1.995465185562777e-5
-11.200938284014123	1.968228292871609e-5
-11.150705395051405	1.941015958014988e-5
-11.099970177199056	1.913828906195867e-5
-11.048727607168198	1.8866693445792618e-5
-10.996972611437032	1.8595406042372218e-5
-10.944700065748558	1.8324469150552028e-5
-10.891904794603173	1.8053933346850932e-5
-10.838581570746337	1.7783856871546806e-5
-10.784725114650941	1.751430387054589e-5
-10.730330093994597	1.7245342122844545e-5
-10.67539112313167	1.6977041884721223e-5
-10.619902762560118	1.6709476243926235e-5
-10.563859518382872	1.6442721548364693e-5
-10.507255841763838	1.617685647574334e-5
-10.450086128378617	1.5911960143494303e-5
-10.392344717859531	1.5648110966803617e-5
-10.334025893235259	1.5385387120380995e-5
-10.27512388036474	1.5123867549281707e-5
-10.215632847365514	1.4863631865855655e-5
-10.15554690403633	1.4604758855971408e-5
-10.094860101273825	1.4347324988483854e-5
-10.033566430483704	1.4091404323088657e-5
-9.971659822985687	1.3837069621061721e-5
-9.909134149412681	1.3584393153959098e-5
-9.845983219103937	1.3333446109987991e-5
-9.782200779492102	1.3084297070253283e-5
-9.71778051548416	1.2837011009142458e-5
-9.65271604883615	1.2591649678244635e-5
-9.587000937521639	1.234827279752028e-5
-9.520628675094011	1.2106938720793549e-5
-9.45359269004211	1.1867703853967843e-5
-9.385886345139662	1.163062136120296e-5
-9.31750293678821	1.1395740336664849e-5
-9.24843569435325	1.1163106114385689e-5
-9.178677779493933	1.0932761324680735e-5
-9.108222285486002	1.0704746696160701e-5
-9.037062236537993	1.0479100922658647e-5
-8.965190587100517	1.0255859771817205e-5
-8.892600221168651	1.0035055220882059e-5
-8.81928395157747	9.816715306313084e-6
-8.7452345192904	9.600864750273451e-6
-8.670444592680441	9.387525841007658e-6
-8.594906766804373	9.176718930148207e-6
-8.518613562669552	8.96846227287704e-6
-8.441557426493384	8.762771435082096e-6
-8.363730728955476	8.559658754896443e-6
-8.285125764442187	8.35913324066281e-6
-8.205734750283755	8.161200954346444e-6
-8.125549825983748	7.965865626803351e-6
-8.044563052440738	7.773129159784303e-6
-7.962766411162294	7.582991798479783e-6
-7.88015180347106	7.395451983562814e-6
-7.796711049702909	7.210506063664384e-6
-7.712435888397097	7.02814808646152e-6
-7.627317975478222	6.848369802482782e-6
-7.541348883430141	6.671160884482445e-6
-7.454520100461581	6.4965092645064394e-6
-7.3668230296633315	6.324401460891207e-6
-7.278248988157118	6.154822802668579e-6
-7.188789206235848	5.987757524741579e-6
-7.0984348264953585	5.823188765964675e-6
-7.00717690295747	5.661098531178883e-6
-6.915006400184184	5.501467674694726e-6
-6.8219141923831845	5.344275938401923e-6
-6.727891062504165	5.189502048726263e-6
-6.632927701326354	5.037123855380332e-6
-6.537014706536761	4.8871184863092624e-6
-6.48857864416801	4.812410509389998e-6
-6.439658221175579	4.737953690677943e-6
-6.3902485939532045	4.663752041304189e-6
-6.340344870458631	4.589809643437707e-6
-6.2899421097290915	4.5161306391202725e-6
-6.239035321392274	4.442719220139485e-6
-6.187619465172071	4.369579618868689e-6
-6.1356894503896715	4.296716100018352e-6
-6.083240135459464	4.224132953271373e-6
-6.030266327379936	4.151834486785305e-6
-5.9767627812196285	4.079825021553968e-6
-5.922724199597697	4.008108886616536e-6
-5.868145232159565	3.936690415104034e-6
-5.8130204750470345	3.86557394110032e-6
-5.757344470363394	3.7947637972937243e-6
-5.701111705632906	3.724264313387961e-6
-5.644316613255109	3.654079815236702e-6
-5.586953569953545	3.584214624667385e-6
-5.5290168962189785	3.5146730599578005e-6
-5.470500855747071	3.4454594369346353e-6
-5.411399654870445	3.37657807066607e-6
-5.351707441985029	3.3080332777271895e-6
-5.291418306970785	3.2398293790250195e-6
-5.230526280606364	3.1719707031739704e-6
-5.169025333978327	3.1044615904249648e-6
-5.106909377884003	3.0373063971533696e-6
-5.044172262228736	2.97050950092257e-6
-4.980807775416915	2.904075306142719e-6
-4.916809643736963	2.8380082503535078e-6
-4.8521715307402165	2.7723128111633847e-6
-4.786887036613516	2.706993513884783e-6
-4.720949697545544	2.64205493990915e-6
-4.6543529850868754	2.577501735873283e-6
-4.587090305503631	2.5133386236728243e-6
-4.519154999124561	2.4495704113852803e-6
-4.450540339681696	2.3862020051737397e-6
-4.381239533644392	2.3232384222491495e-6
-4.3112457195467275	2.2606848049786383e-6
-4.240551967308088	2.1985464362376047e-6
-4.16915127754706	2.1368287561162923e-6
-4.097036580888409	2.0755373801034426e-6
-4.024200737263188	2.014678118888178e-6
-3.9506365352017188	1.954256999936371e-6
-3.8763366911196346	1.8942802910213266e-6
-3.801293848596716	1.8347545259123998e-6
-3.7255005776485834	1.7756865324516687e-6
-3.648949373990968	1.7170834632830832e-6
-3.5716326582967657	1.658952829536331e-6
-3.4935427754456345	1.6013025378075015e-6
-3.414671993765987	1.5441409308342597e-6
-3.335012504269523	1.4874768323167837e-6
-3.2545564198781225	1.4313195964058123e-6
-3.1732957746427832	1.3756791624581364e-6
-3.0912225229550945	1.3205661157511087e-6
-3.0083285387505416	1.2659917549615088e-6
-2.924605614703923	1.2119681673403686e-6
-2.840045461416844	1.1585083126795573e-6
-2.7546397065968993	1.105626117355268e-6
-2.6683798942287513	1.0533365799715294e-6
-2.5812574837369358	1.001655890417797e-6
-2.4932638491402077	9.506015645124933e-7
-2.4043902781975053	9.001925968456145e-7
-2.3146279715453506	8.504496349769686e-7
-2.223968041826689	8.013951788191999e-7
-2.132401512810846	7.530538098646775e-7
-2.039919318504852	7.05452455962153e-7
-1.946512302255778	6.586206986703126e-7
-1.8521712158442245	6.125911319228705e-7
-1.804528967206382	5.898002691561603e-7
-1.7564102960821533	5.671153950891121e-7
-1.7078104382466837	5.445450063765043e-7
-1.6587245818328729	5.220980773481042e-7
-1.6091478668549204	4.997840994665285e-7
-1.5590753847271817	4.776131250527942e-7
-1.5085021777781922	4.5559581587437765e-7
-1.4574232387596826	4.337434972871138e-7
-1.4058335103510107	4.1206821874398266e-7
-1.3537278846582286	3.905828216229198e-7
-1.3011012027085318	3.6930101550337546e-7
-1.2479482539393434	3.4823746423061897e-7
-1.19426377568246	3.2740788336614957e-7
-1.1400424526430104	3.068291509397032e-7
-1.0852789163731575	2.865194338110361e-7
-1.0299677447406115	2.664983324298489e-7
-0.9741034613917439	2.467870473759801e-7
-0.9176805352093726	2.2740857178897252e-7
-0.8606933797651823	2.0838791466727803e-7
-0.8031363527665665	1.897523610357555e-7
-0.7450037554979634	1.7153177607164531e-7
-0.6862898322566497	1.537589612260235e-7
-0.6269887697829564	1.3647007054764562e-7
-0.5670946966845154	1.1970509312182096e-7
-0.5066016828550719	1.0350839823169209e-7
-0.4455037388873624	8.792931075004118e-8
-0.38379481547995375	7.302259710917569e-8
-0.3214688028384689	5.8848473081826043e-8
-0.2585195300705596	4.5470864158323514e-8
-0.19494076457498188	3.294964756636007e-8
-0.13072621142445406	2.131289902763622e-8
-0.06586951274240427	1.0473011006475356e-8
-0.00036424707353610586	5.769928780123331e-11
0.06579607125200226	1.0672165770655183e-8
