0.0	0.0
0.005	1.971520793666038e-8
0.01005	3.962756759445019e-8
0.0151505	5.973905093451962e-8
0.020302004999999998	8.005164923982832e-8
0.02550502505	1.0056737370629067e-7
0.030760075300500005	1.2128825563910432e-7
0.036067676053505006	1.422163466515965e-7
0.04142835281404005	1.6335371886565293e-7
0.04684263634218046	1.847024651131931e-7
0.05231106270560226	2.062646991404784e-7
0.05783417333265829	2.2804255581285247e-7
0.06341251506598487	2.500381913221231e-7
0.06904664021664472	2.7225378339532105e-7
0.07473710661881117	2.9469153150467625e-7
0.08048447768499928	3.173536570799186e-7
0.08628932246184927	3.402424037218406e-7
0.09215221568646777	3.633600374171948e-7
0.09807373784333244	3.86708846755764e-7
0.10405447522176577	4.1029114314856976e-7
0.11009501997398342	4.341092610475856e-7
0.11619597017372327	4.5816555816715725e-7
0.12235792987546051	4.824624157066667e-7
0.1285815091742151	5.070022385748357e-7
0.13486732426595727	5.317874556147706e-7
0.14121599750861683	5.568205198316106e-7
0.147628157483703	5.821039086199346e-7
0.15410443905854004	6.076401239934311e-7
0.16064548344912544	6.334316928152818e-7
0.1672519382836167	6.594811670299147e-7
0.17392445766645287	6.857911238953923e-7
0.1806637022431174	7.123641662170941e-7
0.1874703392655486	7.392029225821786e-7
0.1943450426582041	7.663100475946912e-7
0.20128849308478614	7.936882221116632e-7
0.208301378015634	8.213401534794219e-7
0.21538439179579036	8.492685757706908e-7
0.22253823571374826	8.774762500217915e-7
0.22976361807088574	9.059659644705521e-7
0.2370612542515946	9.347405347936406e-7
0.24443186679411058	9.638028043445594e-7
0.2518761854620517	9.931556443910424e-7
0.25939494731667223	1.0228019543519033e-6
0.26698889678983895	1.0527446620343081e-6
0.27465878575773733	1.0829867238692109e-6
0.2824053736153147	1.1135311251464826e-6
0.29022942735146784	1.1443808802489975e-6
0.2981317216249825	1.175539032885307e-6
0.30611303884123237	1.2070086563202042e-6
0.31417416922964464	1.2387928536046974e-6
0.3223159109219411	1.2708947578024495e-6
0.3305390700311605	1.303317532214825e-6
0.3388444607314721	1.336064370602942e-6
0.3472329053387868	1.3691384974066513e-6
0.35570523439217466	1.4025431679603045e-6
0.36426228673609645	1.4362816687046697e-6
0.37290490960345746	1.4703573173945412e-6
0.381633958699492	1.504773463302473e-6
0.3904502982864869	1.539533487416576e-6
0.3993548012693518	1.5746408026337205e-6
0.40834834928204533	1.6100988539462343e-6
0.4174318327748658	1.6459111186225498e-6
0.42660615110261446	1.6820811063800595e-6
0.43587221261364056	1.7186123595512852e-6
0.445230934739777	1.755508453241105e-6
0.45468324408717475	1.7927729954750027e-6
0.4642300765280465	1.830409627337929e-6
0.4738723772933269	1.8684220231026427e-6
0.4836111010662602	1.9068138903465696e-6
0.4934472120769228	1.9455889700563976e-6
0.5033816841976921	1.9847510367203912e-6
0.513415501039669	2.024303898405502e-6
0.5235496560500658	2.06425139682064e-6
0.5337851526105665	2.1045974073625993e-6
0.544123004136672	2.145345839145585e-6
0.5545642341780388	2.1865006350113913e-6
0.5651098765198191	2.2280657715202022e-6
0.5757609752850174	2.2700452589199666e-6
0.5865185850378676	2.312443141092371e-6
0.5973837708882462	2.35526349547537e-6
0.6083576085971287	2.398510432958738e-6
0.6194411846831	2.442188097751937e-6
0.630635596529931	2.4863006672225005e-6
0.6419419524952302	2.530852351702027e-6
0.6533613720201825	2.5758473942581364e-6
0.6648949857403843	2.621290070430595e-6
0.6765439355977882	2.6671846879277e-6
0.6883093749537662	2.713535586282029e-6
0.7001924687033039	2.7603471364610506e-6
0.7121943933903369	2.8076237404312064e-6
0.7243163373242402	2.8553698306709435e-6
0.7365595006974825	2.903589869630094e-6
0.7489250957044574	2.9522883491316137e-6
0.761414346661502	3.0014697897118935e-6
0.774028490128117	3.05113873989572e-6
0.7867687750293982	3.1012997754009104e-6
0.7996364627796921	3.1519574982683085e-6
0.8126328274074891	3.2031165359123094e-6
0.825759155681564	3.254781540085652e-6
0.8390167472383796	3.306957185753579e-6
0.8524069147107634	3.359648169870878e-6
0.865930983857871	3.4128592100546476e-6
0.8795902936964497	3.466595043146614e-6
0.8933861966334143	3.5208604236568035e-6
0.9073200585997485	3.5756601220801254e-6
0.921393259185746	3.6309989230781194e-6
0.9356071917776034	3.68688162351533e-6
0.9499632636953794	3.7433130303410843e-6
0.9644628963323333	3.8002979583053417e-6
0.9791075252956567	3.857841227497226e-6
0.9938986005486133	3.915947660693864e-6
1.0088375865540995	3.9746220805058986e-6
1.0239259624196404	4.033869306305039e-6
1.0391652220438368	4.093694150919216e-6
1.0545568742642752	4.154101417076729e-6
1.070102443006918	4.215095893583663e-6
1.0858034674369872	4.27668235121369e-6
1.101661502111357	4.338865538289618e-6
1.1176781171324706	4.4016501759351565e-6
1.1338548983037953	4.465040952971824e-6
1.1501934472868331	4.529042520435151e-6
1.1666953817597017	4.593659485682676e-6
1.1833623355772986	4.658896406062998e-6
1.2001959589330715	4.7247577821133445e-6
1.2171979185224022	4.791248050250988e-6
1.2343698977076263	4.858371574920087e-6
1.2517135966847026	4.926132640153722e-6
1.2692307326515497	4.994535440507086e-6
1.2869230399780653	5.063584071314736e-6
1.304792270377846	5.133282518220481e-6
1.3228401930816247	5.203634645926133e-6
1.341068595012441	5.2746441860996766e-6
1.3594792809625653	5.346314724380238e-6
1.3780740737721908	5.418649686411407e-6
1.3968548145099127	5.491652322831798e-6
1.4158233626550119	5.565325693143816e-6
1.4349815962815617	5.639672648379379e-6
1.4543314122443773	5.714695812473459e-6
1.4738747263668213	5.790397562252213e-6
1.4936134736304894	5.866780005937523e-6
1.5135496083667943	5.943844960062647e-6
1.5336851044504622	6.021593924690254e-6
1.5540219554949668	6.100028056818144e-6
1.5745621750499166	6.1791481418549e-6
1.595307796800416	6.258954563044327e-6
1.6162608747684202	6.339447268713387e-6
1.6374234835161046	6.420625737222669e-6
1.6587977183512657	6.502488939494807e-6
1.6803856955347782	6.585035299005349e-6
1.7021895524901258	6.668262649125569e-6
1.7242114480150272	6.752168187721218e-6
1.7464535624951774	6.836748428928931e-6
1.7689180981201291	6.921999152054748e-6
1.7916072791013304	7.007915347575008e-6
1.8145233518923436	7.094491160259163e-6
1.837668585411267	7.181719829489724e-6
1.8610452712653798	7.269593626919354e-6
1.8846557239780335	7.358103791687399e-6
1.9085022812178138	7.447240463517045e-6
1.9325873040299917	7.5369926141291764e-6
1.9569131770702917	7.62734797754748e-6
1.9814823088409943	7.718292980023901e-6
2.0062971319294043	7.809812670489687e-6
2.0313601032486983	7.901890652634152e-6
2.0566737042811853	7.99450901991496e-6
2.0822404413239974	8.087648295023139e-6
2.108062845737237	8.181287375535772e-6
2.1341434741946097	8.275403487680455e-6
2.1604849089365556	8.369972150301354e-6
2.1870897580259214	8.464967151214281e-6
2.2139606556061806	8.560360538161996e-6
2.2411002621622425	8.656122626492405e-6
2.268511264783865	8.752222025451676e-6
2.2961963774317034	8.848625684600355e-6
2.3241583412060205	8.945298961289549e-6
2.352399924618081	9.042205709390557e-6
2.3809239238642617	9.139308388559228e-6
2.409733163102904	9.236568192284441e-6
2.438830494733933	9.33394519187914e-6
2.4682187996812726	9.431398492516545e-6
2.4979009876780855	9.528886396500147e-6
2.5278799975548667	9.626366568296541e-6
2.5581587975304156	9.723796195559093e-6
2.5887403855057194	9.821132140504074e-6
2.6196277893607767	9.918331076586543e-6
2.6508240672543844	1.0015349606440106e-5
2.682332307926928	1.011214435839098e-5
2.714155631006197	1.0208672060399515e-5
2.7462971873162587	1.0304889591840045e-5
2.7787601591894218	1.0400754014946479e-5
2.811547760781316	1.0496222588869104e-5
2.844663238389129	1.059125277001794e-5
2.87810987077302	1.0685802202683952e-5
2.9118909694807504	1.0779828703851915e-5
2.946009879175558	1.08732902457271e-5
2.980469977967313	1.0966144938904313e-5
3.0152746777469863	1.105835101840924e-5
3.050427424524456	1.1149866834153317e-5
3.0859316987697003	1.1240650846722466e-5
3.1217910157573976	1.1330661628919358e-5
3.158008925914971	1.141985787310937e-5
3.194589015174121	1.1508198404172192e-5
3.231534905325862	1.1595642197719636e-5
3.268850254379121	1.1682148403171897e-5
3.306538756922912	1.1767676371265071e-5
3.3446041444921413	1.1852185685579737e-5
3.383050185937063	1.193563619769793e-5
3.421880687796434	1.2017988065629349e-5
3.461099494674398	1.2099201795168781e-5
3.5007104896211416	1.2179238283868636e-5
3.540717594517353	1.225805886732745e-5
3.5811247704625266	1.2335625367507343e-5
3.6219360181671516	1.2411900142802625e-5
3.6631553783488235	1.248684613959097e-5
3.7047869321323117	1.2560426945005684e-5
3.7468348014536352	1.2632606840673507e-5
3.7893031494681715	1.2703350857166359e-5
3.8321961809628533	1.2772624828925185e-5
3.8755181427724823	1.2840395449413826e-5
3.919273324200207	1.290663032626791e-5
3.963466057442209	1.2971298036208409e-5
4.008100718016631	1.303436817948963e-5
4.053181725196798	1.3095811433660645e-5
4.098713542448766	1.3155599606416524e-5
4.144700677873254	1.321370568732349e-5
4.191147684651987	1.3270103898204363e-5
4.238059161498507	1.3324769741974794e-5
4.285439753113492	1.3377680049724904e-5
4.333294150644626	1.342881302584605e-5
4.381627092151073	1.3478148291009555e-5
4.430443363072584	1.3525666922808227e-5
4.479747796703309	1.3571351493881018e-5
4.529545274670342	1.3615186107346701e-5
4.5798407274170465	1.3657156429384015e-5
4.630639134691217	1.3697249718805002e-5
4.681945526038128	1.373545485347564e-5
4.73376498129851	1.3771762353454967e-5
4.786102631111495	1.3806164400732124e-5
4.83896365742261	1.3838654855454902e-5
4.892353293996836	1.3869229268558352e-5
4.9462768269368045	1.3897884890716228e-5
5.000739595206173	1.3924620677551438e-5
5.055746991158234	1.3949437291060241e-5
5.111304461069817	1.397233709721943e-5
5.167417505680515	1.3993324159760583e-5
5.22409168073732	1.4012404230116066e-5
5.281332597544694	1.402958473355567e-5
5.33914592352014	1.404487475154167e-5
5.397537382755342	1.4058285000376926e-5
5.456512756582895	1.4069827806170263e-5
5.516077884148725	1.4079517076268313e-5
5.576238662990212	1.4087368267184616e-5
5.637001049620114	1.4093398349164603e-5
5.698371060116315	1.4097625767613693e-5
5.760354770717479	1.4100070401220088e-5
5.822958318424654	1.4100753517480261e-5
5.8861879016089	1.4099697725119104e-5
5.9500497806249895	1.4096926923994074e-5
6.01455027843124	1.4092466253141806e-5
6.079695781215553	1.408634203519183e-5
6.145492739027708	1.4078581720840704e-5
6.211947666417985	1.4069213829828681e-5
6.279067143082165	1.4058267889880719e-5
6.346857814512987	1.4045774378488494e-5
6.415326392658117	1.4031764655717732e-5
6.484479656584698	1.401627090390039e-5
6.554324453150545	1.3999326065611254e-5
6.624867697682051	1.39809637689307e-5
6.696116374658871	1.3961218277086036e-5
6.768077538405461	1.3940124414223026e-5
6.8407583137895145	1.3917717491408906e-5
6.91416589692741	1.3894033273174232e-5
6.988307555896684	1.3869107875884046e-5
7.063190631455651	1.3842977714941024e-5
7.138822537770207	1.3815679486446176e-5
7.21521076314791	1.3787250019540944e-5
7.29236287077939	1.3757726278564281e-5
7.370286499487183	1.3727145346397032e-5
7.448989364482054	1.3695544209435957e-5
7.528479258126875	1.366295986193466e-5
7.608764050708144	1.3629429269684118e-5
7.689851691215226	1.3594989055234164e-5
7.771750208127378	1.3559675767844823e-5
7.854467710208652	1.3523525811829377e-5
7.938012387310739	1.3486574966321342e-5
8.022392511183847	1.344885890327674e-5
8.107616436295684	1.3410413102920187e-5
8.193692600658641	1.3371272072205849e-5
8.280629526665228	1.3331470197617761e-5
8.36843582193188	1.3291041776888993e-5
8.4571201801512	1.3250019694418532e-5
8.546691381952712	1.3208436624341352e-5
8.637158295772238	1.3166325529637033e-5
8.72852987872996	1.3123717474437202e-5
8.82081517751726	1.3080642920902528e-5
8.914023329292432	1.303713337736718e-5
9.008163562585356	1.2993218181330735e-5
9.103245198211209	1.2948925024223712e-5
9.199277650193322	1.2904283642522051e-5
9.296270426695255	1.2859322160443828e-5
9.394233130962208	1.2814065140109923e-5
9.493175462271829	1.2768539657553762e-5
9.593107216894548	1.2722773384384406e-5
9.694038289063494	1.2676788252405389e-5
9.795978671954128	1.263060707363974e-5
9.898938458673669	1.258425715717218e-5
10.002927843260405	1.2537759867987126e-5
10.10795712169301	1.2491132396813095e-5
10.21403669290994	1.2444399550001191e-5
10.321177059839039	1.2397585113892601e-5
10.429388830437428	1.2350702109238938e-5
10.538682718741804	1.2303768171399834e-5
10.649069545929223	1.2256809853299767e-5
10.760560241388514	1.2209842229157511e-5
10.873165843802399	1.2162872789819345e-5
10.986897502240422	1.2115924064629958e-5
11.101766477262826	1.2069019975492903e-5
11.217784142035454	1.202216439031624e-5
11.334961983455809	1.1975364924069993e-5
11.453311603290368	1.1928649934919047e-5
11.572844719323271	1.1882035315853424e-5
11.693573166516504	1.1835514878021179e-5
11.81550889818167	1.1789101595865982e-5
11.938663987163487	1.1742827695859754e-5
12.063050627035121	1.1696697210517953e-5
12.188681133305472	1.1650696952702671e-5
12.315567944638527	1.1604848451166056e-5
12.443723624084912	1.1559185142928451e-5
12.573160860325762	1.1513697519556952e-5
12.638526664627392	1.1486521445418083e-5
12.704546126972037	1.1459747011588729e-5
12.771225783940128	1.1433329548164369e-5
12.838572237477901	1.1407232394296823e-5
12.906592155551051	1.1381421295647103e-5
12.975292272804932	1.1355860471903671e-5
12.955320608768648	1.1201074803334142e-5
12.88523961915796	1.0977573756939248e-5
12.814457819651171	1.0758371298042536e-5
12.742968202149312	1.054334339912446e-5
12.670763688472432	1.033237518085884e-5
12.597837129658785	1.012535702691902e-5
12.524181305257002	9.922180634353011e-6
12.449788922611202	9.722736860372994e-6
12.374652616138944	9.52691615155228e-6
12.29876494660196	9.334611054894771e-6
12.22211840036961	9.145719443111659e-6
12.144705388674934	8.960146949045543e-6
12.066518246863314	8.77780762516268e-6
11.987549233633576	8.598622686077478e-6
11.90779053027154	8.422517952744891e-6
11.827234239875883	8.249421011652209e-6
11.74587238657627	8.079259054203846e-6
11.663696914743662	7.911957980837418e-6
11.580699688192727	7.747442846823293e-6
11.496872489376283	7.585639291121113e-6
11.412207018571676	7.426475351201949e-6
11.32669489305902	7.269883056438686e-6
11.240327646291242	7.115799363604527e-6
11.153096727055782	6.96416625990523e-6
11.064993498627969	6.81493011593843e-6
10.976009237915878	6.6680405513808495e-6
10.886135134596666	6.523449148053526e-6
10.795362290244261	6.381108315235444e-6
10.703681717448331	6.240970513996608e-6
10.611084338924442	6.102987923390397e-6
10.517560986615317	5.967112518581529e-6
10.4231024007831	5.833296452682719e-6
10.327699229092559	5.701492598351223e-6
10.231342025685112	5.571655107990711e-6
10.134021250243592	5.443739881489016e-6
10.035727267047655	5.3177048741689945e-6
9.936450344019761	5.193510222634426e-6
9.836180651761586	5.071118203456387e-6
9.73490826258083	4.950493064285817e-6
9.632623149508268	4.8316007780135454e-6
9.529315185304977	4.714408769932956e-6
9.424974141459657	4.598885659037019e-6
9.319589687175881	4.485001041593958e-6
9.213151388349269	4.372725331483602e-6
9.10564870653439	4.262029659940591e-6
8.997070997901364	4.152885828695503e-6
8.887407512182005	4.045266305387079e-6
8.832027451893731	3.991692242372572e-6
8.776093591002574	3.938241395040299e-6
8.719600391502503	3.88491535793341e-6
8.662542260007433	3.831715756130442e-6
8.604913547197413	3.7786442450909167e-6
8.546708547259291	3.7257025108344708e-6
8.48792149732179	3.6728922703851816e-6
8.428546576884909	3.6202152724136684e-6
8.368577907243663	3.567673298019744e-6
8.308009550906005	3.515268161611256e-6
8.24683551100497	3.4630017118437275e-6
8.185049730704925	3.410875832597028e-6
8.12264609260188	3.3588924439740052e-6
8.059618418117802	3.3070535033148896e-6
7.995960466888885	3.2553610062280513e-6
7.931665936147677	3.2038169876436875e-6
7.8667284600990595	3.1524235229027568e-6
7.801141609289954	3.1011827288953592e-6
7.734898889972758	3.0500967652684386e-6
7.667993743462391	2.999167835721506e-6
7.600419545486918	2.9483981894121943e-6
7.53216960553169	2.8977901224942153e-6
7.463237166176912	2.8473459798083505e-6
7.393615402428585	2.7970681567491104e-6
7.323297421042776	2.7469591013272676e-6
7.252276259843109	2.6970213164487187e-6
7.180544887031443	2.6472573624291206e-6
7.108096200491662	2.597669859761732e-6
7.034923027086483	2.548261492157101e-6
6.961018121947253	2.499035009869725e-6
6.88637416775663	2.4499932333285266e-6
6.810983774024102	2.4011390570846765e-6
6.734839476354246	2.35247545409214e-6
6.657933735707692	2.3040054803330032e-6
6.5802589376546745	2.255732279801628e-6
6.501807391621126	2.207659089858005e-6
6.4225713301272425	2.159789246964028e-6
6.342542908018418	2.112126192811697e-6
6.2617142016885055	2.0646734808574123e-6
6.1800772082952955	2.017434783272024e-6
6.097623844968154	1.9704138983228246e-6
6.0143459480077395	1.9236147582024333e-6
5.930235272077722	1.8770414373276057e-6
5.845283489388402	1.8306981611360114e-6
5.759482188872189	1.7845893154199807e-6
5.672822875350816	1.7387194562497125e-6
5.585296968694227	1.6930933205577964e-6
5.496895802971071	1.6477158374777137e-6
5.407610625590683	1.6025921405581869e-6
5.317432596436493	1.5577275810062508e-6
5.226352786990764	1.5131277421464613e-6
5.134362179450575	1.4687984553202221e-6
5.041451665834984	1.424745817479023e-6
4.947612047083236	1.3809762107561314e-6
4.8528340321439725	1.3374963243087436e-6
4.757108237055316	1.294313178723538e-6
4.660425184015775	1.2514341532469062e-6
4.562775300445837	1.208867016050556e-6
4.464148918040202	1.166619957663783e-6
4.364536271810508	1.1247016276064818e-6
4.263927499118516	1.0831211741598275e-6
4.162312638699603	1.0418882871295502e-6
4.059681629676506	1.001013243430545e-6
3.9560243105631745	9.605069553783274e-7
3.8513304182587085	9.203810217529049e-7
3.7455895870311995	8.806477820153075e-7
3.6387913474914146	8.413203745127501e-7
3.5309251255562337	8.024128000556805e-7
3.4219802414017	7.639399928195837e-7
3.3119459084056224	7.259179010034707e-7
3.2008112320795803	6.88363579955521e-7
3.0885652089902784	6.512953004660232e-7
2.975196725670086	6.147326746398084e-7
2.860694557516691	5.78696801300456e-7
2.74504736768176	5.432104325081994e-7
2.628243705948483	5.082981628016829e-7
2.5102720075978713	4.739866435139113e-7
2.3911205922637535	4.403048260970856e-7
2.2707776627762932	4.0728424073057344e-7
2.1492313039939592	3.7495931923910155e-7
2.0264694816238027	3.433677741500766e-7
1.9024800410299427	3.1255104842141527e-7
1.7772507060301468	2.8255485333180756e-7
1.6507690776803532	2.5342981613522816e-7
1.523022633047061	2.2523226557785426e-7
1.393998723967437	1.9802519352634422e-7
1.263684575797015	1.7187944599815096e-7
1.19787593097095	1.5917864470949275e-7
1.131409199696627	1.4671755930713192e-7
1.064277801109558	1.3451275933359411e-7
0.9964750885366236	1.2258210003995555e-7
0.9279943488379541	1.1094487138042301e-7
0.8588288017423018	9.962197052734048e-8
0.788971599175694	8.863610198278538e-8
0.7184158245834151	7.801200928878894e-8
0.6471544922452157	6.777674077022675e-8
0.5751805465836348	5.7959945994140114e-8
0.5024868614654387	4.85941821202114e-8
0.42906623949606093	3.971515712724347e-8
0.3549114113069898	3.1361673180179576e-8
0.28001503483602974	2.357446823980785e-8
0.20436969460035925	1.6390986191580764e-8
0.12796790096233046	9.82462026494575e-9
0.05080208938792019	3.792823380589421e-9
-0.02713538030223539	2.0314677383982178e-9
-0.1058522246892899	8.224208457726218e-9
-0.18535623752021557	1.527268832801083e-8
-0.2656552904794527	2.340971033185078e-8
-0.34675733396827724	3.273192605796677e-8
-0.42867039789199346	4.329701887633084e-8
-0.5114025924549459	5.515702343510086e-8
-0.5949621089635304	6.836785527471739e-8
-0.6793572206371987	8.299232309510428e-8
-0.7645962834276041	9.910134474482671e-8
-0.8506877368459129	1.1677464741500915e-7
-0.9376401047984029	1.361013410466695e-7
-1.025461996430419	1.5718049722738063e-7
-1.1141621069787586	1.801217819893355e-7
-1.2037492186325771	2.0504616047915473e-7
-1.2942322014029362	2.320866792676978e-7
-1.3856200140009989	2.6138932634776264e-7
-1.4779217047250413	2.931139652802159e-7
-1.5711464123563257	3.274353367282745e-7
-1.665303367063924	3.645441169647065e-7
-1.7604018913185957	4.046480183649637e-7
-1.856451400815816	4.479729110150739e-7
-1.9534614054080066	4.94763936923401e-7
-2.051441510046118	5.452865784507308e-7
-2.1504014157306095	5.998276299187397e-7
-2.2503509204719485	6.586960054410609e-7
-2.351299920260699	7.222232965013754e-7
-2.453258410047342	7.907639697745295e-7
-2.5047474473895956	8.268640713059824e-7
-2.5567513751052715	8.645407482862918e-7
-2.609275342098103	9.038666035680915e-7
-2.6623245487608624	9.449172875853147e-7
-2.7159042474902506	9.877715169641184e-7
-2.770019743206934	1.0325110703991245e-6
-2.8246763938807806	1.0792207574926308e-6
-2.8798796110613676	1.127988355882865e-6
-2.9356348604137583	1.178904511710403e-6
-2.991947662259676	1.2320625983588128e-6
-3.0488235921240516	1.2875585285392342e-6
-3.1062682812870754	1.3454905152869e-6
-3.1642874173417255	1.4059587784267614e-6
-3.22288674475692	1.4690651947016626e-6
-3.282072065446272	1.5349128921703894e-6
-3.3418492393425154	1.603605792814043e-6
-3.402224184977719	1.675248111578154e-6
-3.463202880069275	1.749943825302743e-6
-3.524791362111749	1.827796130933221e-6
-3.586995728974646	1.90890691867752e-6
-3.6498221395061705	1.993376291724338e-6
-3.713276814143015	2.0813021688984026e-6
-3.777366035526221	2.1727800091451103e-6
-3.842096149123261	2.2679026959151395e-6
-3.907473563856275	2.366760614418668e-6
-3.9735047527366163	2.469441944811128e-6
-4.040196253505762	2.5760331798009236e-6
-4.1075546692825995	2.686619856926501e-6
-4.175586669217207	2.8012874756937434e-6
-4.244298989151158	2.9201225504607623e-6
-4.3136984322844505	3.0432137342237315e-6
-4.383791869849073	3.1706529388753752e-6
-4.454586241789347	3.3025363758054136e-6
-4.526088557449022	3.4389654473918325e-6
-4.598305896265291	3.580047434110104e-6
-4.671245408469723	3.725895941582241e-6
-4.744914315796201	3.876631094065076e-6
-4.819319912195944	4.032379482626603e-6
-4.894469564559682	4.193273894946343e-6
-4.9703707134470605	4.359452867449861e-6
-5.04703087382331	4.531060108441741e-6
-5.124457635803324	4.708243843083088e-6
-5.202658665403135	4.891156128229276e-6
-5.281641705298945	5.07995217856987e-6
-5.361414575593717	5.274789736619206e-6
-5.441985174591434	5.4758285092984005e-6
-5.523361479579126	5.683229684267196e-6
-5.605551547616695	5.89715553065221e-6
-5.688563516334643	6.117769081862838e-6
-5.772405604739774	6.3452338929760856e-6
-5.857086114028949	6.579713861688663e-6
-5.942613428411018	6.821373099874934e-6
-6.028996015936908	7.070375842099862e-6
-6.116242429338055	7.326886377667001e-6
-6.204361306873217	7.591068993596884e-6
-6.293361373183732	7.863087916979722e-6
-6.383251440157348	8.143107246121162e-6
-6.474040407800704	8.431290860556136e-6
-6.5657372651204895	8.727802300156625e-6
-6.6583510910134756	9.032804603089376e-6
-6.751891055165391	9.34646009117123e-6
-6.8463664189588265	9.668930089133716e-6
-6.941786536390193	1.0000374561289182e-5
-7.038160854995873	1.0340951644889643e-5
-7.135498916787611	1.0690817053799554e-5
-7.233810359197271	1.1050123318543183e-5
-7.333104916031026	1.1419018818762157e-5
-7.433392418433112	1.1797646550796694e-5
-7.534682795859219	1.2186142555368995e-5
-7.636986077059596	1.258463390662379e-5
-7.740312391071967	1.2993236132013657e-5
-7.844671968224475	1.341204988999058e-5
-7.950075141148492	1.3841156675884013e-5
-8.05653234580176	1.4280613252121297e-5
-8.110293234151662	1.450419254644181e-5
-8.164591731385052	1.473150416657512e-5
-8.21943321359079	1.496258390237675e-5
-8.274823110618577	1.5197463968085784e-5
-8.330766906616638	1.543617243343281e-5
-8.387270140574692	1.567873247863338e-5
-8.444338406872319	1.5925161500388625e-5
-8.501977355832924	1.6175470067585097e-5
-8.560192694283131	1.642966071769138e-5
-8.618990186117848	1.6687726585396857e-5
-8.678375652870905	1.694964986137804e-5
-8.738354974291497	1.7215400091815334e-5
-8.798934088926288	1.748493235026059e-5
-8.860118994707438	1.7758185344802855e-5
-8.921915749546386	1.8035079566674876e-5
-8.984330471933731	1.8315515640517474e-5
-9.047369341544957	1.859937309532393e-5
-9.111038599852286	1.8886509823936755e-5
-9.175344550742686	1.9176762512171938e-5
-9.240293561141993	1.9469948261777615e-5
-9.305892061645302	1.97658674732493e-5
-9.372146547153633	2.0064307791226516e-5
-9.439063577517047	2.0365048598460883e-5
-9.506649778184098	2.066786528976884e-5
-9.574911840857823	2.0972532504456825e-5
-9.64385652415828	2.127882572155895e-5
-9.713490654291746	2.158652106544961e-5
-9.783821125726547	2.18953936419041e-5
-9.85485490187569	2.220521502378755e-5
-9.926599015786337	2.251575054014959e-5
-9.999060570836079	2.282675684851076e-5
-10.072246741436324	2.3137980022197152e-5
-10.146164773742566	2.3449154179262126e-5
-10.220821986371867	2.3760000565555326e-5
-10.296225771127467	2.4070226971671853e-5
-10.372383593730621	2.4379527377481405e-5
-10.449302994559815	2.4687581747770422e-5
-10.52699158939729	2.499405593076343e-5
-10.605457070183142	2.529860163199357e-5
-10.68470720577686	2.5600856449277623e-5
-10.76474984272651	2.5900443962447056e-5
-10.845592906045656	2.6196973875956483e-5
-10.927244399997996	2.6490042214910562e-5
-11.009712408889854	2.677923157626766e-5
-11.09300509787063	2.706411143749052e-5
-11.177130713741228	2.7344238524997687e-5
-11.262097585770519	2.7619157244583505e-5
-11.347914126520102	2.788840017559883e-5
-11.434588832677182	2.8151488630158408e-5
-11.522130285895834	2.8407933277975186e-5
-11.610547153646678	2.8657234836608e-5
-11.69984819007502	2.8898884825941835e-5
-11.790042236867656	2.913236638457035e-5
-11.881138224128215	2.93571551444e-5
-11.973145171261379	2.9572720158232853e-5
-12.066072187865878	2.977852487328298e-5
-12.159928474636413	2.9974028141571736e-5
-12.254723324274657	3.015868525593654e-5
-12.350466122409287	3.033194899792735e-5
-12.447166348525265	3.0493270681346885e-5
-12.544833576902395	3.0642101173266985e-5
-12.643477477563295	3.077789187243244e-5
-12.743107817230815	3.090009562137029e-5
-12.843734460294996	3.1008167529217914e-5
-12.945367369789835	3.110156569083814e-5
-12.951983391620391	3.092102869937129e-5
-12.900145526132551	3.0665798220265045e-5
-12.847789281989833	3.0407215071361123e-5
-12.794909475405689	3.0145055614684763e-5
-12.7415008707557	2.987916427218197e-5
-12.687558180059215	2.960943834546115e-5
-12.633076062455764	2.9335816633412578e-5
-12.57804912367628	2.905827111440827e-5
-12.522471915508998	2.8776800631793085e-5
-12.466338935260046	2.8491425766465035e-5
-12.409644625208603	2.820218526701624e-5
-12.352383372056646	2.7909133307184217e-5
-12.294549506373171	2.761233678457015e-5
-12.236137302032859	2.731187370970111e-5
-12.177140975649145	2.7007832219850176e-5
-12.117554686001593	2.6700308863123373e-5
-12.057372533457567	2.6389407611178555e-5
-11.996588559388101	2.6075239956201292e-5
-11.93519674557794	2.5757923829946635e-5
-11.873191013629675	2.5437582388510715e-5
-11.81056522436193	2.511434465183066e-5
-11.747313177201503	2.4788345408206754e-5
-11.683428609569477	2.4459723473083095e-5
-11.618905196261126	2.412862184447745e-5
-11.553736548819693	2.3795188957032633e-5
-11.487916214903848	2.3459577263770507e-5
-11.421437677648846	2.3121941738307315e-5
-11.35429435502129	2.278244152113744e-5
-11.286479599167462	2.2441240524814052e-5
-11.21798669575509	2.2098504819498355e-5
-11.148808863308599	2.1754402144426258e-5
-11.078939252537642	2.1409104427745488e-5
-11.008370945658978	2.106278722404697e-5
-10.937096955711525	2.071562645009742e-5
-10.865110225864598	2.036779891242758e-5
-10.792403628719198	2.001948518531317e-5
-10.718969965602351	1.9670868129055367e-5
-10.644801965854331	1.932212921968555e-5
-10.56989228610883	1.897344955385654e-5
-10.494233509565875	1.8625013027878217e-5
-10.417818145257495	1.8277004651509356e-5
-10.340638627306024	1.7929606382254587e-5
-10.262687314175045	1.75829977344532e-5
-10.18395648791275	1.723735938276049e-5
-10.104438353387836	1.6892872337514127e-5
-10.024125037517672	1.6549713382216266e-5
-9.94300858848881	1.620805416871854e-5
-9.86108097496966	1.5868064820198296e-5
-9.778334085315318	1.5529915122951602e-5
-9.694759726764428	1.5193770663606919e-5
-9.610349624628027	1.4859789687055208e-5
-9.525095421470262	1.4528125043852015e-5
-9.438988676280921	1.4198927416228674e-5
-9.352020863639689	1.3872344325747802e-5
-9.264183372872045	1.3548516116293637e-5
-9.175467507196721	1.3227574423355785e-5
-9.085864482864647	1.2909644693417438e-5
-8.995365428289254	1.2594848660106779e-5
-8.903961383168106	1.2283303206342797e-5
-8.811643297595745	1.1975117148761281e-5
-8.71840203116766	1.1670389933005381e-5
-8.624228352075296	1.1369213429553674e-5
-8.529112936192009	1.1071674254646727e-5
-8.433046366149883	1.0777853866891569e-5
-8.384532748278614	1.0630144386639333e-5
-8.335533994228632	1.0482850396773328e-5
-8.286045252638143	1.0335977682054332e-5
-8.236061623631754	1.0189533889033337e-5
-8.1855781583353	1.0043528247214058e-5
-8.134589858385885	9.897971368504086e-6
-8.083091675436977	9.752875088595419e-6
-8.031078510658578	9.608252318774285e-6
-7.9785452142323905	9.46411688781888e-6
-7.925486584841945	9.320483367569592e-6
-7.871897369157594	9.177366888437244e-6
-7.817772261316398	9.034782959345599e-6
-7.763105902396791	8.89274730883845e-6
-7.707892879887989	8.75127576066449e-6
-7.652127727154101	8.610384149930501e-6
-7.595804922892874	8.470088277487136e-6
-7.538918890589034	8.330403893096402e-6
-7.481463997962152	8.191346693869626e-6
-7.423434556409003	8.052932324116401e-6
-7.364824820440321	7.915176365657307e-6
-7.3056289871119535	7.778094312631815e-6
-7.245841195450302	7.641701530323541e-6
-7.185455525872035	7.506013202144634e-6
-7.124465999597984	7.371044271731378e-6
-7.062866578061195	7.236809387777578e-6
-7.000651162309037	7.103322858026086e-6
-6.937813592399353	6.970598616389472e-6
-6.874347646790577	6.838650204277751e-6
-6.8102470417257095	6.707490764606657e-6
-6.745505430610194	6.577133045157144e-6
-6.680116403383522	6.4475894071643745e-6
-6.6140734858845835	6.318871835196808e-6
-6.547370139210662	6.190991945274406e-6
-6.479999759069994	6.0639609894481e-6
-6.411955675127922	5.93778985636801e-6
-6.343231150346435	5.81248906845064e-6
-6.273819380317127	5.688068776959672e-6
-6.203713492587523	5.5645387566112234e-6
-6.132906545980632	5.4419084012438166e-6
-6.061391529907667	5.3201867217766995e-6
-5.989161363673976	5.199382347233996e-6
-5.916208895777945	5.0795035291589786e-6
-5.842526903202955	4.9605581493558895e-6
-5.768108090702217	4.8425537306374665e-6
-5.692945090076471	4.7254974501165845e-6
-5.617030459444463	4.609396154565076e-6
-5.54035668250614	4.494256377422937e-6
-5.462916167798435	4.38008435715892e-6
-5.384701247943646	4.2668860568127374e-6
-5.305704178890311	4.154667184675992e-6
-5.225917139146443	4.043433216171004e-6
-5.145332229005135	3.933189417064046e-6
-5.063941469762414	3.823940868199452e-6
-4.9817368029272675	3.7156924919641444e-6
-4.898710089423767	3.6084490807108667e-6
-4.814853108785233	3.5022153273663366e-6
-4.730157558340313	3.3969958584596618e-6
-4.644615052390943	3.2927952698085134e-6
-4.558217121382084	3.189618165118935e-6
-4.47095521106313	3.087469197773873e-6
-4.382820681640986	2.986353116120794e-6
-4.293804806924621	2.886274812611899e-6
-4.203898773461098	2.787239377203892e-6
-4.113093679662942	2.6892521554917615e-6
-4.021380534926797	2.5923188121292934e-6
-3.928750258743296	2.496445400182724e-6
-3.8351936797979587	2.4016384371739975e-6
-3.7407015350631685	2.3079049887014583e-6
-3.6452644688810327	2.2152527606813215e-6
-3.5970687504590533	2.1691479102192812e-6
-3.5483910748528498	2.1230943651266215e-6
-3.4992266224905872	2.0770974394158683e-6
-3.449570525604699	2.0311625797958345e-6
-3.3994178677499516	1.9852953738858617e-6
-3.348763683316662	1.9395015590698794e-6
-3.297602957039036	1.8937870320774556e-6
-3.2459306234986336	1.8481578593697204e-6
-3.1937415666228315	1.8026202884195856e-6
-3.1410306191782684	1.7571807599795481e-6
-3.0877925622592635	1.7118459214417873e-6
-3.034022124771065	1.666622641406137e-6
-2.979713982907983	1.6215180255844853e-6
-2.924862759626274	1.5765394341845183e-6
-2.8694630241117487	1.5316945009345317e-6
-2.8135092912420774	1.4869911539283419e-6
-2.7569960210437046	1.4424376384950733e-6
-2.6999176181433544	1.3980425423211523e-6
-2.642268431213994	1.3538148230874063e-6
-2.5840427524153426	1.3097638389151652e-6
-2.525234816828707	1.2658993819594107e-6
-2.4658388018862016	1.2222317155355864e-6
-2.4058488267942764	1.178771615223799e-6
-2.3452589519514273	1.135530414461992e-6
-2.2840631783601513	1.0925200552199236e-6
-2.2222554470329587	1.0497531444412048e-6
-2.159829638392498	1.007243017053827e-6
-2.096779571665632	9.650038064838632e-7
-2.0330990042714987	9.230505237700056e-7
-1.9687816312034219	8.813991465691749e-7
-1.9038210844046617	8.400667195815086e-7
-1.8382109321379154	7.990714682037189e-7
-1.7719446783485022	7.584329275760122e-7
-1.7050157620211976	7.181720896144219e-7
-1.63741755653062	6.783115711593472e-7
-1.5691433689851326	6.388758070388879e-7
-1.5001864395641924	5.998912726921522e-7
-1.4305399408490445	5.613867420635929e-7
-1.3601969771467477	5.233935878475208e-7
-1.289150583807423	4.8594613291471e-7
-1.2173937265347075	4.490820640327871e-7
-1.1449193006892617	4.1284292196517244e-7
-1.0717201305853603	3.7727468595128295e-7
-0.9977889687804193	3.424284757550386e-7
-0.9231184953574374	3.083614013419055e-7
-0.8477013172002241	2.751375992870841e-7
-0.7715299672614346	2.4282950662155804e-7
-0.6945969038232587	2.1151943661846176e-7
-0.6168945097507024	1.813015337294193e-7
-0.5384150917374182	1.5228418264779533e-7
-0.45915087954400313	1.2459287659081153e-7
-0.37909402522864966	9.837320431885252e-8
-0.2982366023701495	7.379208808749364e-8
-0.2165706052830636	5.102832496071711e-8
-0.13408794822510295	3.0210043384697113e-8
-0.05078046459655994	1.1136655137486138e-8
0.03336009386826433	7.396739888142996e-9
