0.04312174786088363	7.719159323436205e-9
0.1109846982336471	2.0693182844405792e-8
0.17952627811013144	3.54012296779243e-8
0.2487532737853826	5.2190139937475864e-8
0.3186725394173884	7.121208617518408e-8
0.38929099770571796	9.255988509844767e-8
0.46061564057692905	1.163183738064979e-7
0.5326535298768498	1.4258036134614757e-7
0.6054117980697704	1.7145149516785958e-7
0.6788976489446163	2.0305183349782716e-7
0.7531183583282086	2.3751642376428476e-7
0.8280812748056476	2.749955853335401e-7
0.9037938204478557	3.1565511097999484e-7
0.9802634915464914	3.596764413510789e-7
1.0574978593561113	4.072568070423011e-7
1.1355045708438283	4.5860930661140995e-7
1.2142913494464302	5.139628738003489e-7
1.2938659958350485	5.735620754979114e-7
1.374236388687553	6.376666706720984e-7
1.4554104854685868	7.06550848773845e-7
1.5373963232174326	7.805020542711684e-7
1.6202020193437683	8.598192933446011e-7
1.7038357724313613	9.448108120193609e-7
1.7883058630498283	1.0357910364872606e-6
1.8736206545744771	1.1330766825587103e-6
1.9597885940143733	1.2369819806027042e-6
2.0468182128486667	1.3478130345510662e-6
2.1347181278713023	1.4658614465354569e-6
2.223497042044169	1.5913974940663285e-6
2.3131637453587572	1.724663333024752e-6
2.403727115706502	1.8658668866228207e-6
2.4951961197577255	2.0151772164223375e-6
2.587579813849459	2.172722191576461e-6
2.6808873448821124	2.3385891182965188e-6
2.7751279512250804	2.5128286404587793e-6
2.8703109636314927	2.6954617136817186e-6
2.966445806161957	2.886488897342572e-6
3.0635419971177313	3.085900753154636e-6
3.1616091499830645	3.293687925541066e-6
3.2606569743770564	3.509849579081379e-6
3.3606952770149867	3.7343992511365643e-6
3.46173396267929	3.967367724091994e-6
3.5637830352002453	4.208803074093173e-6
3.666852598446404	4.458768476616751e-6
3.770952857325014	4.71733857190126e-6
3.8760941187924125	4.984595214405425e-6
3.98228679287449	5.260623300758882e-6
4.089541393697385	5.545507161668306e-6
4.197868540528518	5.839327780918934e-6
4.307278958827965	6.14216091462535e-6
4.417783481310398	6.454076048393942e-6
4.529393049017649	6.775136051991108e-6
4.642118712401988	7.105397361365666e-6
4.7559716324201595	7.444910522157099e-6
4.870963081638511	7.793720952627894e-6
4.987104445349058	8.151869815398605e-6
5.104407222696707	8.519394918189043e-6
5.222883027817833	8.896331589201137e-6
5.342543590990161	9.282713490749327e-6
5.463400759794226	9.678573344946662e-6
5.585466500286316	1.0083943548248266e-5
5.708752898183338	1.0498856648242963e-5
5.83327216005932	1.0923345646808334e-5
5.959036614554076	1.1357444078619702e-5
6.0225476640739295	1.1578048322822611e-5
6.086693824088982	1.1802190209319e-5
6.151481445704174	1.2029910034843138e-5
6.2169169435355265	1.2261248182125042e-5
6.283006796345187	1.2496245134976193e-5
6.349757547682948	1.2734941421321463e-5
6.417175806534079	1.2977377516164242e-5
6.485268247973721	1.3223593710182761e-5
6.5540416138277635	1.3473629941230536e-5
6.6235027133403435	1.3727525582194546e-5
6.693658423848046	1.398531917603577e-5
6.764515691460833	1.4247048106319314e-5
6.836081531749745	1.4512748188724896e-5
6.908363030441542	1.4782453165679039e-5
6.981367344120262	1.5056194082191407e-5
7.055101700935769	1.5333998516061078e-5
7.129573401319433	1.5615889629686313e-5
7.2047898187069315	1.590188500367504e-5
7.280758400268308	1.619199520431788e-5
7.35748666764529	1.64862220279617e-5
7.434982217696042	1.6784556356112043e-5
7.513252723247312	1.7086975547154135e-5
7.592305933854089	1.7393440286852818e-5
7.672149676566935	1.770389082556377e-5
7.7527918567069065	1.801824255438043e-5
7.834240458648285	1.8336380929601063e-5
7.916503546609075	1.8658155865662218e-5
7.999589265449476	1.8983375906671985e-5
8.083505841478278	1.9311802777757378e-5
8.168261583267373	1.9643147304393016e-5
8.253864882474353	1.9977068093614188e-5
8.340324214673398	2.031317458846199e-5
8.427648140194446	2.0651035780916945e-5
8.515845304970693	2.0990194633122967e-5
8.604924441394708	2.1330186124048795e-5
8.694894369182968	2.1670554649030955e-5
8.785763996249099	2.201086579222778e-5
8.877542319585903	2.2350709320876545e-5
8.970238426156065	2.2689693828647038e-5
9.06386149379193	2.3027436469034707e-5
9.158420792104156	2.3363551911414916e-5
9.253925683399498	2.3697643276920057e-5
9.350385623607806	2.40292958968862e-5
9.447810163218193	2.435807347681607e-5
9.546208948224688	2.468351585805231e-5
9.645591721081246	2.5005137688969135e-5
9.74596832166636	2.5322427570866922e-5
9.847348688257327	2.5634847448502803e-5
9.949742858514217	2.5941832138088838e-5
10.053160970473662	2.6242788949015222e-5
10.157613263552712	2.6537097385770824e-5
10.26311007956254	2.68241089302293e-5
10.369661863732471	2.7103146910342416e-5
10.477279165744111	2.7373506463517884e-5
10.585972640775854	2.763445460360884e-5
10.695753050557926	2.7885230400516663e-5
10.806631264437812	2.8125045281440123e-5
10.918618260456494	2.835308346313521e-5
11.031725126435372	2.856850252540638e-5
11.145963061074031	2.8770434137716533e-5
11.26134337505908	2.89579849535372e-5
11.377877492183988	2.9130237691271278e-5
11.495576950480135	2.9286252426702767e-5
11.614453403359253	2.9425068130595977e-5
11.734518620767158	2.954570449700002e-5
11.855784490349137	2.9647164123933034e-5
11.97826301862694	2.9728435129468644e-5
12.10196633218752	2.9788494313977883e-5
12.226906678883704	2.9826311014501597e-5
12.35309642904685	2.9840851840714268e-5
12.480548076711635	2.983108653391833e-5
12.609274240853061	2.9795995250293557e-5
12.739287666635892	2.973457763534502e-5
12.804944446656226	2.9676075004284625e-5
12.871257794476758	2.961300924597514e-5
12.9382342757755	2.954458756778874e-5
12.99411947811278	2.9438731355601373e-5
12.925796769539936	2.899465200950268e-5
12.856790833881359	2.854712424387262e-5
12.787094838866192	2.8096182280036985e-5
12.716701883900882	2.7641924177681305e-5
12.645604999385917	2.718450232668027e-5
12.573797146025804	2.6724113685463804e-5
12.501271214132096	2.6260994177783974e-5
12.42802002291944	2.5795412579985007e-5
12.354036319794663	2.5327665132067326e-5
12.279312779638637	2.48580735882189e-5
12.203842004081057	2.4386979001862867e-5
12.127616520767898	2.391474065433966e-5
12.050628782621601	2.3441733134221237e-5
11.97287116709385	2.296834106123369e-5
11.894335975410812	2.2494960489580145e-5
11.815015431810941	2.202199337992956e-5
11.734901682775071	2.1549844717637262e-5
11.653986796248844	2.107892417718521e-5
11.572262760857356	2.060963870415988e-5
11.489721485111954	2.0142392072633513e-5
11.4063547966091	1.9677586015006044e-5
11.322154441221212	1.921561194786801e-5
11.237112082279456	1.875685210617763e-5
11.151219299748284	1.8301680836491656e-5
11.064467589391786	1.785045599848971e-5
10.97684836193173	1.7403520380403217e-5
10.88835294219708	1.696120462479226e-5
10.798972568265079	1.6523818897563597e-5
10.708698390593753	1.6091652670230292e-5
10.617521471145718	1.5664980361352745e-5
10.52543278250321	1.5244055229738516e-5
10.432423206974274	1.4829105367089704e-5
10.338483535690045	1.4420340610419473e-5
10.243604467692972	1.4017952298113185e-5
10.14777660901592	1.3622106078116029e-5
10.050990471752112	1.3232944670601077e-5
9.953236473115656	1.2850594413398833e-5
9.854504934492837	1.2475161804307073e-5
9.75478608048379	1.210672875843632e-5
9.654070037934645	1.1745357497243113e-5
9.552346834960023	1.1391096173546532e-5
9.449606399955645	1.1043975999850047e-5
9.345838560601226	1.0704007375308874e-5
9.241033042853267	1.037118347431153e-5
9.188106256390544	1.0204230439170246e-5
9.134650202063192	1.003855511947084e-5
9.080659587192578	9.874150851630736e-6
9.026129066173251	9.71101354929073e-6
8.971053239943728	9.549141022739494e-6
8.91542665545192	9.388532532366927e-6
8.859243805115188	9.229188565110003e-6
8.802499126275091	9.071110752614563e-6
8.745187000646592	8.914301817835125e-6
8.687301753761808	8.758765454577903e-6
8.62883765440817	8.604506099072867e-6
8.569788914060993	8.4515286162916e-6
8.510149686310346	8.299837968551371e-6
8.449914066282197	8.149438944142704e-6
8.38907609005377	8.000336000224078e-6
8.32762973406306	7.852533231446252e-6
8.26556891451244	7.706034433333523e-6
8.2028874867663	7.560843203533239e-6
8.139579244742702	7.4169630217501916e-6
8.075637920298874	7.274397267595493e-6
8.011057182610614	7.133149164823813e-6
7.945830637545463	6.993221668583415e-6
7.8799518270296645	6.8546173301119705e-6
7.813414228408714	6.717338176825102e-6
7.746211253801544	6.5813856365748205e-6
7.6783362494483	6.44676051839071e-6
7.609782495051526	6.313463044806701e-6
7.5405432031107935	6.181492918261817e-6
7.470611518250653	6.050849398784353e-6
7.3999805165419055	5.921531372159665e-6
7.328643204816071	5.7935373948734515e-6
7.256592519972983	5.666865711235417e-6
7.183821328281454	5.5415142463093775e-6
7.1103224246730115	5.417480583687919e-6
7.036088532028483	5.294761939057862e-6
6.961112300457518	5.1733551393142995e-6
6.885386306570837	5.053256613791835e-6
6.808903052745293	4.934462400274313e-6
6.7316549663814875	4.816968164938399e-6
6.6536343991540505	4.700769232961519e-6
6.574833626254332	4.585860625431844e-6
6.495244845625624	4.472237098287226e-6
6.414860177190626	4.359893179926412e-6
6.333671662071282	4.248823205437928e-6
6.251671261800741	4.139021346708201e-6
6.168850857527492	4.03048163872789e-6
6.085202249211509	3.923198003099555e-6
6.000717154812371	3.817164270045414e-6
5.9153872094692375	3.712374200199007e-6
5.829203964672679	3.608821507244289e-6
5.742158887428154	3.506499882151989e-6
5.65424335941119	3.4054030194451477e-6
5.565448676114041	3.305524645664438e-6
5.475766045983924	3.2068585500221312e-6
5.385186589552514	3.109398617140787e-6
5.29370133855679	3.013138861753519e-6
5.201301235051105	2.9180734652764007e-6
5.107977130510356	2.8241968142302605e-6
5.013719784924206	2.731503540572287e-6
4.9185198658822	2.6399885640829463e-6
4.822367947649763	2.5496471370364088e-6
4.725254510235008	2.4604748914544485e-6
4.627169938446109	2.372467889317235e-6
4.528104520939319	2.28562267616599e-6
4.428048449257464	2.1999363386040906e-6
4.326991816858786	2.115406566274638e-6
4.224924618136118	2.03203171897737e-6
4.121836747426219	1.9498108996873255e-6
4.017717998009228	1.868744034354195e-6
3.9125580610980606	1.7888319595051846e-6
3.80634652481778	1.7100765188400986e-6
3.6990728731747105	1.6324806702117934e-6
3.5907264850152067	1.5560486046217033e-6
3.4812966329741037	1.4807858791496373e-6
3.3707724824125975	1.4066995660802446e-6
3.259143090345468	1.333798420912042e-6
3.1463974043576606	1.2620930724609712e-6
3.0325242615099803	1.1915962389378542e-6
2.917512387233824	1.1223229747391696e-6
2.8013503942149	1.0542909537994158e-6
2.6840267812657927	9.875207967849365e-7
2.565529932187193	9.2203645123582e-7
2.4458481146178137	8.578656360748547e-7
2.3249694788727417	7.950403648368903e-7
2.202882056770207	7.335975657331559e-7
2.0795737604466638	6.735798216282805e-7
1.9550323811598815	6.150362597492076e-7
1.829245588080223	5.58023630326927e-7
1.7022009270697716	5.026076265878433e-7
1.5738858194492202	4.48864517259869e-7
1.44428756075245	3.9688318959556545e-7
1.3133933194687266	3.467677400424752e-7
1.2472917276204356	3.223425696981584e-7
1.180529119853663	2.983223356992522e-7
1.113098886009233	2.747342552650122e-7
1.0449943498263572	2.516080619576593e-7
0.9762087682816514	2.2897634987849045e-7
0.9067353309214923	2.0687498099316472e-7
0.8365671591877302	1.8534357012304985e-7
0.7656973057366336	1.6442606553086166e-7
0.6941187537510309	1.4417144634174447e-7
0.6218244162455768	1.246345593325621e-7
0.5488071353650561	1.0587711055879722e-7
0.47505968167574153	8.796879147870968e-8
0.4005747534495221	7.098838477654721e-8
0.32534497594105005	5.5024197376960105e-8
0.24936290065749844	4.017118929789996e-8
0.17262100462110652	2.6513744672029326e-8
0.09511168962435335	1.4050045525787817e-8
0.016827281477635125	2.4487435568160835e-9
-0.06223997075055365	9.266652046809474e-9
-0.14209789550102414	2.2345734946246123e-8
-0.22275439949900644	3.754970994354884e-8
-0.3042174685369723	5.5171797228467925e-8
-0.3864951682653093	7.534051389328638e-8
-0.4695956449909353	9.81553064669243e-8
-0.553527126483818	1.2372364934781076e-7
-0.6382979227916294	1.521703847264812e-7
-0.7239164270625196	1.8364024883570022e-7
-0.8103911163761133	2.1829870611605715e-7
-0.8977305525828392	2.563323913699275e-7
-0.9859433831516426	2.979494996360295e-7
-1.0750383420261365	3.4338018974058594e-7
-1.1650242504893669	3.9287697651960225e-7
-1.2559100180372305	4.467150486727729e-7
-1.3477046432605775	5.051924260818115e-7
-1.4404172147361614	5.686298498722156e-7
-1.5340569119264877	6.373702764570884e-7
-1.628633006088723	7.117778224748113e-7
-1.7241548611925737	7.922359822701701e-7
-1.8206319348474729	8.791449171210428e-7
-1.9180737792389166	9.729176031316442e-7
-2.0164900420742846	1.0739746348589764e-6
-2.115890467538005	1.1827375323509566e-6
-2.2162848972563474	1.2996205129349614e-6
-2.3176832712718785	1.4250208877207808e-6
-2.420095629027564	1.5593085363597733e-6
-2.4718138696941914	1.6296133695086693e-6
-2.5240492927674794	1.7026362137569717e-6
-2.5768070700714993	1.7784501334113015e-6
-2.630092425148561	1.857125746189914e-6
-2.6839106337763994	1.938730784509633e-6
-2.7382670244905114	2.0233297121937126e-6
-2.7931669791117706	2.1109834221625655e-6
-2.848615933279227	2.201749040810439e-6
-2.904619376988361	2.2956798626825767e-6
-2.961182855134595	2.3928254343705646e-6
-3.018311968062296	2.4932317991229713e-6
-3.076012372119262	2.5969419037864368e-6
-3.1342897802167933	2.703996158041782e-6
-3.1931499623953172	2.8144331235771578e-6
-3.2525987463956127	2.928290299251163e-6
-3.3126420182359126	3.0456049589356585e-6
-3.37328572279462	3.166414992944183e-6
-3.434535864398921	3.2907597026759688e-6
-3.4963985074192614	3.41868050166901e-6
-3.5588797768698086	3.550221484289935e-6
-3.6219858590148455	3.6854298347987727e-6
-3.685723001981348	3.824356063043594e-6
-3.7500975163775117	3.967054066916421e-6
-3.81511577591764	4.113581034363254e-6
-3.880784218053158	4.263997207940157e-6
-3.947109344610041	4.418365541870872e-6
-4.014097722432496	4.57675128503244e-6
-4.081755984033176	4.739221523471114e-6
-4.150090828249851	4.905844713488711e-6
-4.2191090209086966	5.076690231790755e-6
-4.288817395494139	5.251827963462645e-6
-4.359222853825436	5.431327942400477e-6
-4.430332366740043	5.615260052898998e-6
-4.502152974783794	5.803693795841327e-6
-4.574691788907984	5.996698118638743e-6
-4.647955991173408	6.194341304840523e-6
-4.72195283546149	6.396690917174998e-6
-4.796689648192448	6.603813786587623e-6
-4.87217382905072	6.8157760394424214e-6
-4.9484128517175705	7.03264315526835e-6
-5.025414264611086	7.254480048060289e-6
-5.103185691633541	7.481351165013094e-6
-5.1817348329262245	7.713320597529468e-6
-5.261069465631834	7.950452200278689e-6
-5.341197444664495	8.192809714912255e-6
-5.4221267034874785	8.440456895721248e-6
-5.503865254898695	8.693457635006404e-6
-5.58642119182403	8.951876086232708e-6
-5.669802688118622	9.215776783144783e-6
-5.754017999376156	9.485224752929034e-6
-5.839075463746269	9.760285621228933e-6
-5.924983502760078	1.0041025706327864e-5
-6.011750622164019	1.0327512099092074e-5
-6.099385412762	1.0619812724266723e-5
-6.187896551265975	1.0917996377390483e-5
-6.277292801154989	1.1222132729849896e-5
-6.367583013542891	1.1532292292346055e-5
-6.458776128054669	1.1848546324162466e-5
-6.55088117371157	1.2170966671940584e-5
-6.643907269825032	1.2499625516991834e-5
-6.737863626899628	1.2834595004219915e-5
-6.832759547544974	1.3175946718130072e-5
-6.92860442739677	1.352375096166965e-5
-7.0254077560470805	1.387807578110873e-5
-7.123179117983902	1.4238985663950078e-5
-7.22192819354008	1.4606539815789571e-5
-7.321664759851828	1.4980789894709978e-5
-7.4223986918267	1.5361777046484988e-5
-7.524139963121321	1.5749528038960723e-5
-7.6268986471288756	1.6144050238495628e-5
-7.730684917976518	1.654532510667166e-5
-7.835509051532625	1.6953299828913706e-5
-7.941381426424293	1.7367876638476977e-5
-8.048312525064887	1.7788899416414782e-5
-8.156312934691883	1.8216137326603342e-5
-8.265393348415145	1.8649265759565644e-5
-8.37556456627565	1.9087845978104496e-5
-8.431201031295195	1.930910953602885e-5
-8.48739386096495	1.9532613013027708e-5
-8.544148618931402	1.9758278241435215e-5
-8.601470924477503	1.998601360368738e-5
-8.65936645307908	2.021571495197827e-5
-8.71784093696666	2.044726678532901e-5
-8.776900165693121	2.0680543907866895e-5
-8.836549986706856	2.0915413592686275e-5
-8.896796305930721	2.1151738111316697e-5
-8.957645088346823	2.138937734878996e-5
-9.01910235858709	2.162819113776197e-5
-9.081174201529763	2.1868040948508783e-5
-9.143866762901851	2.210879067904886e-5
-9.20718624988767	2.2350306474542584e-5
-9.271138931743344	2.259245570484356e-5
-9.335731140417579	2.2835105374247797e-5
-9.400969271178546	2.3078120286800944e-5
-9.466859783247124	2.3321361247401783e-5
-9.533409200436381	2.3564683481264187e-5
-9.600624111797536	2.3807935348459158e-5
-9.668511172272304	2.405095734910181e-5
-9.737077103351815	2.429358136975338e-5
-9.806328693742131	2.453563010779398e-5
-9.87627280003634	2.477691661597616e-5
-9.946916347393504	2.5017243922844797e-5
-10.018266330224229	2.525640469883538e-5
-10.090329812883262	2.549418094936481e-5
-10.163113930368901	2.5730343724342516e-5
-10.236625889029384	2.5964652838777487e-5
-10.310872967276481	2.619685660237388e-5
-10.385862516306048	2.6426691557859353e-5
-10.461601960825902	2.6653882228854685e-5
-10.538098799790951	2.6878140878654214e-5
-10.61536060714566	2.7099167281576885e-5
-10.693395032573903	2.7316648508668926e-5
-10.772209802256434	2.7530258729569655e-5
-10.851812719635788	2.7739659032336915e-5
-10.932211666188941	2.794449726296773e-5
-11.013414602207625	2.8144407886290407e-5
-11.0954295675865	2.833901186981029e-5
-11.178264682619172	2.8527916592028256e-5
-11.261928148802163	2.8710715776659716e-5
-11.346428249646983	2.8886989454135576e-5
-11.431773351500247	2.90563039517382e-5
-11.51797190437204	2.9218211913755594e-5
-11.605032442772547	2.937225235315372e-5
-11.69296358655707	2.9517950736477544e-5
-11.781774041779443	2.9654819104148906e-5
-11.871472601554025	2.978235622899323e-5
-11.962068146926349	2.9900047816649523e-5
-12.053569647752411	3.0007366753047558e-5
-12.145986163586727	3.010377340682226e-5
-12.239326844579388	3.0188715995961555e-5
-12.33360093238197	3.0261631031153845e-5
-12.42881776106259	3.032194385889151e-5
-12.524986758030003	3.0369069327620684e-5
-12.622117444967103	3.0402412599346058e-5
-12.720219438773569	3.0421370170759848e-5
-12.819302452518109	3.0425331160701367e-5
-12.919376296400081	3.041367887860907e-5
-12.979549121279128	3.027610564929947e-5
-12.928506457207131	2.9971133898813547e-5
-12.876953366494412	2.9663648284092695e-5
-12.824884744874556	2.9353410014075275e-5
-12.772295437038512	2.9040249875689377e-5
-12.719180236124103	2.8724053583517453e-5
-12.665533883200546	2.840475125168355e-5
-12.611351066747762	2.8082309300071083e-5
-12.556626422130439	2.7756723823832123e-5
-12.501354531066948	2.7428016219519616e-5
-12.445529921092817	2.709622968260913e-5
-12.389147065018957	2.6761425612195444e-5
-12.33220038038435	2.6423681751080242e-5
-12.274684228903407	2.6083090942409183e-5
-12.21659291590764	2.573975869197967e-5
-12.157920689781918	2.5393802085006657e-5
-12.098661741394949	2.5045349942026144e-5
-12.038810203524097	2.4694541018784434e-5
-11.978360150274547	2.434152259069291e-5
-11.917305596492504	2.3986451411001302e-5
-11.855640497172637	2.3629492868858892e-5
-11.793358746859568	2.3270818681201108e-5
-11.730454179043363	2.291060763500639e-5
-11.666920565548999	2.254904628755327e-5
-11.602751615919697	2.2186326252255067e-5
-11.5379409767941	2.1822643303386234e-5
-11.472482231277247	2.1458199354638053e-5
-11.406368898305221	2.1093201045197616e-5
-11.339594432003476	2.0727856618598734e-5
-11.27215222103872	2.036237714938111e-5
-11.20403558796432	1.999697789645411e-5
-11.135237788559166	1.963187489858882e-5
-11.065752011159972	1.9267282953802103e-5
-10.995571375986774	1.890341819044196e-5
-10.924688934461841	1.8540497921337034e-5
-10.853097668521674	1.8178736341086555e-5
-10.780790489922094	1.7818343913752983e-5
-10.70776023953653	1.7459530390547552e-5
-10.633999686647108	1.7102503528757162e-5
-10.559501528228783	1.6747464654636085e-5
-10.484258388226284	1.639460888163155e-5
-10.408262816823754	1.6044128300295715e-5
-10.331507289707204	1.569621052665395e-5
-10.25398420731949	1.5351034316355265e-5
-10.175685894107886	1.5008769683335737e-5
-10.096604597764173	1.4669581330434279e-5
-10.016732488457027	1.4333628176585496e-5
-9.936061658056811	1.4001059194022282e-5
-9.85458411935258	1.3672012384831302e-5
-9.772291805261315	1.3346618047222412e-5
-9.68917656802913	1.302500027341684e-5
-9.60523017842463	1.2707274001221144e-5
-9.520444324924082	1.2393542328328784e-5
-9.434810612888526	1.2083898101129233e-5
-9.34832056373261	1.1778427057849619e-5
-9.260965614085148	1.1477207847113573e-5
-9.172737114941214	1.1180309231298565e-5
-9.083626330805831	1.0887788698272554e-5
-8.993624438829102	1.059969438504998e-5
-8.902722527932607	1.0316067744439747e-5
-8.81091159792713	1.003694383869594e-5
-8.718182558621603	9.76234948329884e-6
-8.624526228923017	9.492301964882374e-6
-8.529933335927453	9.226810009249178e-6
-8.43439451400193	8.965875988024344e-6
-8.33790030385715	8.709497261112253e-6
-8.289170727734032	8.581137260501083e-6
-8.239953855849695	8.453437128940763e-6
-8.190244815246512	8.326399919821806e-6
-8.1400386842373	8.200029519571569e-6
-8.089330491917998	8.074330477917541e-6
-8.03811521767549	7.94930789138724e-6
-7.986387790690561	7.82496732729908e-6
-7.9341430894357785	7.70131477143223e-6
-7.8813759411684465	7.5783565825883554e-6
-7.828081121418446	7.45609944100052e-6
-7.774253353470943	7.334550283625238e-6
-7.719887307843962	7.213716225992019e-6
-7.664977601760718	7.093604475778385e-6
-7.609518798616641	6.974222246490527e-6
-7.5535054074411185	6.855576680158024e-6
-7.496931882353845	6.7376747861268725e-6
-7.439792622015695	6.620523399686295e-6
-7.382081969074161	6.5041291604508486e-6
-7.323794209603218	6.388498507097574e-6
-7.264923572537569	6.273637682907712e-6
-7.205464229101263	6.159552745859838e-6
-7.1454102922305935	6.046249577663817e-6
-7.084755815991219	5.933733887742217e-6
-7.023494794989446	5.822011210238812e-6
-6.961621163777664	5.711086894161492e-6
-6.899128796253759	5.600966088353918e-6
-6.836011505054611	5.4916537239229985e-6
-6.772263040943482	5.383154496980627e-6
-6.707877092191243	5.275472854208893e-6
-6.642847283951465	5.168612983011465e-6
-6.577167177629299	5.0625788071113665e-6
-6.510830270243908	4.9573739875861755e-6
-6.443829993784657	4.853001928657325e-6
-6.3761597145608135	4.749465787125601e-6
-6.307812732544733	4.646768484204027e-6
-6.238782280708499	4.5449127185741554e-6
-6.1690615243539	4.443900979733363e-6
-6.098643560435761	4.343735561016375e-6
-6.027521416878436	4.244418572002099e-6
-5.955688051885534	4.145951950294734e-6
-5.883136353242701	4.048337472879486e-6
-5.809859137613451	3.951576767373339e-6
-5.735849149827896	3.855671323539293e-6
-5.661099062164496	3.7606225054169853e-6
-5.58560147362445	3.6664315643696235e-6
-5.509348909199005	3.573099653274283e-6
-5.432333819129315	3.480627842009508e-6
-5.354548578158919	3.389017134330503e-6
-5.275985484778822	3.2982684861759394e-6
-5.196636760464923	3.208382825424343e-6
-5.116494548907895	3.1193610731100354e-6
-5.035550915235298	3.0312041661151325e-6
-4.953797845225971	2.943913081374055e-6
-4.871227244516547	2.857488861651868e-6
-4.7878309378000345	2.7719326429907517e-6
-4.70360066801635	2.6872456839508064e-6
-4.618528095534835	2.6034293968068034e-6
-4.532604797328503	2.5204853808973714e-6
-4.445822266140109	2.4384154583609527e-6
-4.358171909639836	2.357221712529947e-6
-4.269645049574546	2.2769065292978867e-6
-4.180232920908608	2.1974726418206113e-6
-4.089926670956007	2.118923178967385e-6
-3.998717358503889	2.0412617179970135e-6
-3.9065959529272405	1.9644923420096057e-6
-3.813553333294834	1.8886197028061065e-6
-3.7195802874661084	1.8136490898888238e-6
-3.62466751117908	1.7395865064532613e-6
-3.5767365591541385	1.70275339601236e-6
-3.5283262976089453	1.6659723558169402e-6
-3.4794319334483	1.6292478395441458e-6
-3.4300486256460445	1.5925844228808955e-6
-3.380171484765768	1.555986810788001e-6
-3.3297955724766943	1.5194598453153554e-6
-3.2789159010647246	1.483008514028539e-6
-3.2275274329386434	1.4466379591070266e-6
-3.175625080131301	1.4103534871801857e-6
-3.1232037037958733	1.3741605799721898e-6
-3.070258113697097	1.3380649058359343e-6
-3.0167830676973324	1.3020723322644973e-6
-2.962773271237566	1.2661889394775862e-6
-2.9082233768132078	1.230421035194278e-6
-2.8531279834446117	1.1947751707142623e-6
-2.7974816361423223	1.1592581584465154e-6
-2.741278825367008	1.1238770910411507e-6
-2.6845139864839425	1.0886393623009075e-6
-2.6271814992120497	1.0535526900709334e-6
-2.5692756870674422	1.018625141333289e-6
-2.510790816801382	9.838651597627434e-7
-2.451721097832664	9.492815960361701e-7
-2.392060681674259	9.148837412294821e-7
-2.331803661354261	8.80681363685241e-7
-2.270944070831071	8.466847497878921e-7
-2.2094758844026536	8.129047491546921e-7
-2.147393016109948	7.793528248252694e-7
-2.084689319134309	7.460411091305787e-7
-2.02135858518891	7.129824660323242e-7
-1.9573945439040692	6.801905608607649e-7
-1.892790862206379	6.476799385437861e-7
-1.827541143691704	6.154661116186755e-7
-1.7616389279918927	5.835656595610143e-7
-1.6950776901350757	5.519963412628626e-7
-1.6278508398996934	5.20777222859223e-7
-1.5599517211619514	4.899288235547586e-7
-1.4913736112368277	4.5947328266886456e-7
-1.422109720212454	4.29434551828401e-7
-1.3521531902778356	3.9983861713856175e-7
-1.2814970950438749	3.707137573113049e-7
-1.2101344388575725	3.420908452107818e-7
-1.138058156109409	3.1400370218981253e-7
-1.0652611105337613	2.8648951708287e-7
-0.9917360945023574	2.5958934497072e-7
-0.9174758283106428	2.3334870505468947e-7
-0.8424729594570053	2.0781830237683188e-7
-0.7667200619148424	1.8305490471792214e-7
-0.690209635397256	1.591224130812094e-7
-0.6129341046144994	1.3609316844977293e-7
-0.5348858185239109	1.1404952718563846e-7
-0.4560570495724221	9.308567047286879e-8
-0.3764399929314095	7.330933008707654e-8
-0.2960267657239797	5.484193623698912e-8
-0.21480940624449119	3.781040919296863e-8
-0.13277987317020745	2.2299291994700062e-8
-0.04993004476516916	8.145156712229306e-9
0.033748281923910994	5.553942076792961e-9
