             NaN
   2.0388838e-06
   4.6947101e-06
   6.2011225e-06
   7.0602290e-06
   7.5590039e-06
   7.8580121e-06
   8.0460326e-06
   8.1725406e-06
   8.2651959e-06
   8.3390708e-06
   8.4027390e-06
   8.4608949e-06
   8.5163371e-06
   8.5701030e-06
   8.6246000e-06
   8.6771778e-06
   8.7306873e-06
   8.7836381e-06
   8.8357427e-06
   8.8928721e-06
   8.9384335e-06
   9.0015142e-06
   9.0299071e-06
   9.1296868e-06
   9.1467012e-06
   9.1442899e-06
   9.2749821e-06
   9.3227123e-06
   9.1862414e-06
   9.3118166e-06
   9.3448805e-06
   9.2221675e-06
   9.2967143e-06
   9.1588198e-06
   9.5367739e-06
   8.2104843e-06
   9.7763245e-06
   9.0473256e-06
   9.2964734e-06
   9.0708873e-06
   8.9155734e-06
   8.3817934e-06
   8.1542952e-06
   7.0369531e-06
   6.6237235e-06
   4.4305152e-06
   3.6471830e-06
  -5.0905725e-07
  -1.9663311e-06
  -9.9073848e-06
   1.0909464e-07
  -1.2977083e-05
   1.2043604e-05
   2.2533096e-05
  -1.5230151e-05
  -1.5340097e-05
  -2.1914231e-05
  -2.7234649e-05
  -3.9693871e-05
  -4.8285597e-05
  -6.1651229e-05
  -7.7025883e-05
  -9.8654967e-05
  -1.2847997e-04
  -1.6303917e-04
  -2.3327701e-04
  -2.5475644e-04
  -3.3739656e-04
  -4.3153525e-04
  -5.5126096e-04
  -7.1204249e-04
  -9.3377078e-04
  -1.2366758e-03
  -1.5859650e-03
  -2.4138564e-03
  -2.9778778e-03
  -4.1078071e-03
  -5.6372766e-03
  -7.8227513e-03
  -1.0926737e-02
  -1.5628220e-02
  -2.1458233e-02
  -3.0438470e-02
  -4.3391703e-02
  -6.2232454e-02
  -9.2025487e-02
  -1.3045931e-01
  -1.8931444e-01
  -2.7626182e-01
  -4.0465438e-01
  -5.9432488e-01
  -8.7514190e-01
  -1.3041100e+00
  -1.9276404e+00
  -2.8640867e+00
  -4.2670864e+00
  -6.3669293e+00
  -9.5055968e+00
  -1.4205259e+01
  -2.1150992e+01
