             NaN
  -1.7376792e-05
  -1.3415718e-05
  -7.2195742e-06
  -6.6934514e-06
  -2.4396709e-06
  -2.8935719e-05
  -3.9052279e-05
  -3.4858859e-05
  -2.0843058e-05
  -3.9431386e-07
  -2.0256654e-06
   1.4220425e-05
  -1.1921182e-05
  -6.4156042e-05
  -8.1206142e-05
  -1.0748878e-04
  -1.2449612e-04
   1.0148736e-04
  -6.2150729e-05
   2.8555277e-05
   6.8622558e-05
  -1.5129255e-04
   1.2049674e-04
  -1.9119048e-04
   1.3400421e-04
   1.2979372e-04
   5.4801742e-06
  -4.2608278e-04
   1.3333505e-04
   1.0026589e-04
   7.5334408e-05
   4.8918848e-05
   8.6404735e-05
   3.8465798e-05
   3.4987831e-05
   4.9588765e-05
   4.8524862e-05
   4.8700655e-05
   2.0344623e-05
   7.0853455e-05
   8.4536236e-05
   1.2247662e-04
  -6.0898314e-05
   2.9583376e-04
   1.0254787e-04
   4.9513288e-05
   1.8832405e-05
   1.4571205e-05
   3.5283939e-05
   2.5158796e-05
   4.2632600e-05
   2.0536890e-05
   1.4515573e-05
   1.0371012e-05
   1.0912098e-05
   7.4021711e-06
   7.7745015e-07
  -4.4078765e-06
  -1.1824204e-05
  -1.9184463e-05
  -2.7864069e-05
  -3.8395790e-05
  -5.1756391e-05
  -6.7565737e-05
  -8.6997321e-05
  -1.1186943e-04
  -1.4385065e-04
  -1.8586457e-04
  -2.4217559e-04
  -3.1887502e-04
  -4.2547319e-04
  -5.7580935e-04
  -7.9049988e-04
  -1.1008653e-03
  -1.5541154e-03
  -2.2220673e-03
  -3.2137157e-03
  -4.6945346e-03
  -6.9172702e-03
  -1.0267673e-02
  -1.5337265e-02
  -2.3031477e-02
  -3.4737425e-02
  -5.2586739e-02
  -7.9855987e-02
  -1.2158079e-01
  -1.8550451e-01
  -2.8353002e-01
  -4.3395941e-01
  -6.6485835e-01
  -1.0191947e+00
  -1.5624594e+00
  -2.3940016e+00
  -3.6626914e+00
  -5.5888948e+00
  -8.4917724e+00
  -1.2820173e+01
  -1.9179637e+01
  -2.8344406e+01
  -4.1247167e+01
