             NaN
   1.7939165e-06
   3.8215298e-06
   4.6192409e-06
   4.9442060e-06
   5.0869100e-06
   5.1574348e-06
   5.2064429e-06
   5.2462851e-06
   5.2734246e-06
   5.3127476e-06
   5.3465691e-06
   5.3752205e-06
   5.4013177e-06
   5.4529066e-06
   5.4738444e-06
   5.4977428e-06
   5.5604342e-06
   5.5467670e-06
   5.5997110e-06
   5.6065993e-06
   5.5709526e-06
   5.7661469e-06
   5.5731373e-06
   5.4091545e-06
   5.8422368e-06
   5.8834164e-06
   5.9239751e-06
   5.9324620e-06
   5.9821722e-06
   5.9698328e-06
   6.0763687e-06
   5.6627727e-06
   5.7401146e-06
   7.3428119e-06
   5.8101068e-06
   6.9735130e-06
   5.3689008e-06
   5.5305950e-06
   8.5230811e-06
   1.4396905e-06
   1.2078561e-05
   2.8981204e-06
   6.0989271e-06
   6.5474360e-06
   3.7638803e-06
   5.2604274e-06
   2.2873360e-06
   6.3807059e-06
  -3.5173150e-06
   2.6297833e-06
   3.1418878e-07
   1.8318420e-06
   5.5580580e-06
   8.9297483e-06
  -2.7925807e-05
  -1.5891450e-05
  -2.8302688e-05
  -1.5092365e-05
  -1.7399391e-05
  -2.3628981e-05
  -3.4042396e-05
  -5.9209739e-05
  -5.5578761e-05
  -6.8093844e-05
  -9.0506137e-05
  -1.1893378e-04
  -1.6090111e-04
  -2.3068975e-04
  -3.1171088e-04
  -3.6149697e-04
  -4.7643692e-04
  -6.4580461e-04
  -8.9349791e-04
  -1.1212062e-03
  -1.6718529e-03
  -2.2756011e-03
  -3.1866570e-03
  -4.5796515e-03
  -6.2871767e-03
  -9.0543566e-03
  -1.2871244e-02
  -1.8440902e-02
  -2.6537400e-02
  -3.8391041e-02
  -5.5714031e-02
  -8.1160389e-02
  -1.1864143e-01
  -1.7401168e-01
  -2.5601907e-01
  -3.7778962e-01
  -5.5909253e-01
  -8.2961611e-01
  -1.2341996e+00
  -1.8404426e+00
  -2.7503902e+00
  -4.1179006e+00
  -6.1738647e+00
  -9.2629718e+00
  -1.3894590e+01
  -2.0808470e+01
