             NaN
   1.9666056e-06
   4.4475264e-06
   5.7543351e-06
   6.4489782e-06
   6.8277203e-06
   7.0437476e-06
   7.1760046e-06
   7.2650770e-06
   7.3321541e-06
   7.3879315e-06
   7.4380850e-06
   7.4855777e-06
   7.5318368e-06
   7.5775418e-06
   7.6238612e-06
   7.6692222e-06
   7.7156403e-06
   7.7611034e-06
   7.8073153e-06
   7.8516080e-06
   7.8950351e-06
   7.9413206e-06
   7.9750099e-06
   8.0361553e-06
   8.0210750e-06
   8.1641047e-06
   8.2053503e-06
   7.9885008e-06
   8.1036472e-06
   8.1711143e-06
   8.4013797e-06
   8.2895401e-06
   7.5085870e-06
   8.9763346e-06
   7.9281738e-06
   7.8895701e-06
   8.8376182e-06
   8.2743604e-06
   7.9111217e-06
   7.6829875e-06
   7.3157120e-06
   6.9421385e-06
   6.6080314e-06
   6.1481977e-06
   5.3485887e-06
   4.9731821e-06
   1.7565734e-06
   1.5403314e-06
  -3.3802716e-06
  -3.9731571e-06
  -1.0981539e-05
  -9.4511659e-06
   1.6665398e-05
   2.5661780e-06
   2.2608724e-06
  -2.0554319e-05
  -2.4158844e-05
  -2.8533165e-05
  -4.4013655e-05
  -5.7296956e-05
  -6.9582900e-05
  -8.2508083e-05
  -1.0903851e-04
  -1.3424770e-04
  -1.7287148e-04
  -2.0946970e-04
  -3.0531610e-04
  -3.5982759e-04
  -4.5732884e-04
  -5.8545770e-04
  -7.5333157e-04
  -9.7740761e-04
  -1.2816605e-03
  -1.7016478e-03
  -2.2784656e-03
  -2.6193270e-03
  -4.1414140e-03
  -5.6511103e-03
  -7.7609375e-03
  -1.0634735e-02
  -1.4605230e-02
  -2.1244122e-02
  -2.9998103e-02
  -4.2571321e-02
  -5.9835243e-02
  -8.6038999e-02
  -1.2732925e-01
  -1.8328824e-01
  -2.6607314e-01
  -3.8764710e-01
  -5.7247552e-01
  -8.4439675e-01
  -1.2467156e+00
  -1.8466414e+00
  -2.7429127e+00
  -4.0854195e+00
  -6.0956622e+00
  -9.0989843e+00
  -1.3588634e+01
  -2.0267385e+01
