             NaN
   1.8648133e-06
   4.1113529e-06
   5.1689547e-06
   5.6748959e-06
   5.9269510e-06
   6.0622200e-06
   6.1438088e-06
   6.2006589e-06
   6.2463898e-06
   6.2870306e-06
   6.3254904e-06
   6.3631088e-06
   6.4003316e-06
   6.4376560e-06
   6.4746971e-06
   6.5122069e-06
   6.5499189e-06
   6.5844079e-06
   6.6220487e-06
   6.6571508e-06
   6.6851145e-06
   6.7286372e-06
   6.7462358e-06
   6.7853676e-06
   6.8204230e-06
   6.8018639e-06
   6.8506804e-06
   6.9952187e-06
   6.8129315e-06
   6.7873207e-06
   6.8367106e-06
   6.9897498e-06
   6.7387030e-06
   6.4838093e-06
   6.5154354e-06
   6.3367607e-06
   6.3528637e-06
   5.8683002e-06
   5.5892140e-06
   6.3447499e-06
   5.7871621e-06
   5.1289226e-06
   4.5649123e-06
   3.9362166e-06
   3.6012958e-06
   1.5098452e-06
   1.0897058e-06
  -1.5798784e-06
  -4.2090493e-06
  -6.6883735e-06
  -1.2433401e-05
  -9.7012724e-06
  -1.4902342e-05
  -1.6904651e-05
  -1.9382712e-05
  -1.5497626e-05
  -1.9685981e-05
  -3.6499231e-05
  -5.4439133e-05
  -6.5923712e-05
  -8.4531727e-05
  -1.0564095e-04
  -1.2914905e-04
  -1.5516240e-04
  -1.8774797e-04
  -2.4890363e-04
  -3.1176760e-04
  -3.9768264e-04
  -5.1558678e-04
  -6.1353455e-04
  -8.1169728e-04
  -1.0347077e-03
  -1.3478763e-03
  -1.7894603e-03
  -2.5617110e-03
  -3.9749545e-03
  -5.4239636e-03
  -5.6753493e-03
  -7.7930580e-03
  -1.0829059e-02
  -1.5452402e-02
  -2.2192396e-02
  -2.9195753e-02
  -4.2405748e-02
  -5.8634697e-02
  -8.4586836e-02
  -1.2184504e-01
  -1.7640423e-01
  -2.5686870e-01
  -3.7487530e-01
  -5.5135963e-01
  -8.1990188e-01
  -1.1873487e+00
  -1.7560811e+00
  -2.6058185e+00
  -3.8772386e+00
  -5.7825443e+00
  -8.6388297e+00
  -1.2908117e+01
  -1.9273014e+01
