0.03914654251969907	3.8813168184052867e-8
0.06269837438329873	6.2929181975075e-8
0.08742779784007837	8.913763620211284e-8
0.11339369246969433	1.1783291787960971e-7
0.14065788183079242	1.4943384285694225e-7
0.16928528065994541	1.8437966325410955e-7
0.19934404943056094	2.23131964893091e-7
0.23090575663970547	2.661813771818064e-7
0.26404554920930856	3.1405737488213224e-7
0.29884233140738736	3.673398003345083e-7
0.3353789527153772	4.2667143563758755e-7
0.3737424050887661	4.927715632624772e-7
0.41402403008081734	5.664508347700987e-7
0.45631973632247913	6.486279623430757e-7
0.5007302278762182	7.403488423793713e-7
0.5240457359419359	7.906420128429697e-7
0.5485270194109315	8.451544185584963e-7
0.57423236705338	9.043013514125602e-7
0.6012229820779513	9.685460060258704e-7
0.6295631278537517	1.0384059380045435e-6
0.6593202809183385	1.1144605132401738e-6
0.6905652916361582	1.197359512311428e-6
0.7233725528898738	1.2878330807390607e-6
0.7578201772062698	1.3867032458016074e-6
0.7939901827384865	1.4948972534859733e-6
0.8319686885473132	1.6134630140062877e-6
0.8718461196465821	1.7435869793158152e-6
0.9137174223008149	1.8866148077747805e-6
0.9576822900877602	2.0440751938875547e-6
1.0038454012640496	2.217707245448742e-6
1.0280810346316027	2.3119446037404474e-6
1.0535284496675335	2.413525812208636e-6
1.0802482354552634	2.5231430010091527e-6
1.1083040105323771	2.6415654491288424e-6
1.1377625743633502	2.7696492146515256e-6
1.1686940663858714	2.9083479901943377e-6
1.201172133009516	3.0587253059551874e-6
1.2352741029643433	3.2219681954045643e-6
1.271081171416908	3.3994024195257987e-6
1.3086785932920986	3.5925093091731764e-6
1.3481558862610576	3.8029442245097804e-6
1.389607043878458	4.0325565370939185e-6
1.4331307593767306	4.283410904896881e-6
1.478830660649919	4.557809425894131e-6
1.5028231088183386	4.705776326572454e-6
1.5280151793951813	4.864575347997659e-6
1.5544668535008643	5.035139925718334e-6
1.5822411113118307	5.2184936563737854e-6
1.6114040820133457	5.415758852790528e-6
1.6420252012499414	5.628165612397435e-6
1.6741773764483625	5.857061325012515e-6
1.7079371604067095	6.103920514982781e-6
1.743384933562977	6.3703548841901185e-6
1.780605095377057	6.6581234051152955e-6
1.8196862652818346	6.969142320529529e-6
1.8607214936818561	7.3054949577588085e-6
1.9038084835018765	7.669441385051305e-6
1.9490498228128939	8.063428150572207e-6
1.97280152595118	8.274398769692664e-6
1.9977408142463826	8.499495481177427e-6
2.0239270669563414	8.73977403483953e-6
2.0514226323018026	8.99637354154822e-6
2.080292975914535	9.27052295505454e-6
2.1106068367079	9.563548171764626e-6
2.1424363905409383	9.876879903979964e-6
2.1758574220656257	1.0212062528247338e-5
2.210949505166546	1.0570764160713979e-5
2.247796192422511	1.0954788258850644e-5
2.286485214041276	1.1366087084416502e-5
2.3271086867409796	1.1806777374918803e-5
2.3697633330756673	1.2279158548606971e-5
2.414550711727097	1.2785733702450836e-5
2.4615774593110906	1.3329233551215237e-5
2.4862665017926933	1.361864416307696e-5
2.512189996398373	1.3926005078625437e-5
2.539409665734338	1.4252567271676725e-5
2.567990318537099	1.4599681399640573e-5
2.598000003980001	1.4968807462682813e-5
2.629510173695042	1.5361525251549246e-5
2.662595851895837	1.5779545744754803e-5
2.697335814006676	1.6224723544948533e-5
2.7338127742230522	1.6699070420366448e-5
2.7721135824502507	1.7204770005878198e-5
2.812329431088809	1.7744193712169686e-5
2.854556072159289	1.8319917889740027e-5
2.8988940452832956	1.893474229654499e-5
2.9454489170635068	1.9591709924181798e-5
2.969890224748113	1.9940520429584077e-5
2.995553597816949	2.031020385385468e-5
3.0225001395392326	2.0702170159174707e-5
3.050794008347628	2.1117933865698423e-5
3.080502570596444	2.155912445898738e-5
3.111696560957702	2.2027496670847788e-5
3.144450250837023	2.2524941285976267e-5
3.178841625210307	2.3053496708569533e-5
3.2149525683022517	2.3615361416567985e-5
3.252869058548802	2.421290739755859e-5
3.29268137330768	2.484869464816351e-5
3.3344843038045013	2.552548681341532e-5
3.3783773808261586	2.6246268039001143e-5
3.424465111698902	2.7014261104976483e-5
3.4728572291152826	2.7832946903148353e-5
3.4982630907588774	2.8266797631527444e-5
3.524939245484653	2.872601610441111e-5
3.552949207946723	2.9212255664737378e-5
3.5823596685318915	2.9727283044351102e-5
3.6132406521463167	3.0272991006915453e-5
3.645665684941468	3.085140948833474e-5
3.679711969376376	3.146471689137228e-5
3.715460568033029	3.2115251983773216e-5
3.75299659662252	3.280552657722274e-5
3.7924094266414787	3.35382390813375e-5
3.833792898161388	3.431628899270942e-5
3.8772455432572883	3.514279235808741e-5
3.9228708206079865	3.6021098231151206e-5
3.9707773618262188	3.695480611818175e-5
3.9959282959657916	3.744867705443952e-5
4.022336776812345	3.7970660218345154e-5
4.050065681701227	3.8522512730016113e-5
4.079181031834551	3.9106104895542706e-5
4.1097521494745415	3.972343308318076e-5
4.141851822996534	4.0376630210117125e-5
4.175556480194622	4.106797611708202e-5
4.2109463702526195	4.179990832891157e-5
4.248105754813514	4.2575033342509815e-5
4.287123108602451	4.339613847416893e-5
4.328091330080834	4.426620424293809e-5
4.371107962633136	4.5188417219918785e-5
4.416275426813057	4.616618321895982e-5
4.463701264201969	4.7203140632708206e-5
4.513498393460331	4.830317361991923e-5
4.539641886320966	4.888421611600373e-5
4.5670925538246365	4.949761551062159e-5
4.595915754703492	5.014531601169478e-5
4.6261801156262905	5.082937718954395e-5
4.657957694595227	5.155198676060376e-5
4.69132415251261	5.231546958808784e-5
4.72635893332586	5.312229594000776e-5
4.763145453179778	5.397508944915275e-5
4.801771299026392	5.4876634732589494e-5
4.842328437165335	5.5829884443860635e-5
4.884913432211224	5.683796538906345e-5
4.929627677009405	5.790418317545586e-5
4.976577634047494	5.903202464829954e-5
5.025875088937495	6.022515708061333e-5
5.077637416571994	6.148742267552249e-5
5.104812638580105	6.215300844056807e-5
5.133346621688624	6.28545304303771e-5
5.163307303952562	6.359400087492695e-5
5.194766020329702	6.437352465501753e-5
5.227797672525698	6.519530789555565e-5
5.262480907331497	6.60616592984666e-5
5.298898303877584	6.697498830116686e-5
5.337136570250971	6.793780005786449e-5
5.3772867499430355	6.895268638980736e-5
5.419444438619703	7.00223113470201e-5
5.463710011730196	7.114938947378094e-5
5.5101888634962215	7.233665414784374e-5
5.558991657850543	7.358681236924755e-5
5.6102345919225804	7.49024809843749e-5
5.664039672698218	7.628609737330856e-5
5.720535007512639	7.773979486628965e-5
5.779855109067782	7.926522927179821e-5
5.84214121570068	8.086333751263203e-5
5.907541627665225	8.253400213202887e-5
5.976212060227999	8.427558639547551e-5
6.0483160144189085	8.608429533261524e-5
6.124025166319367	8.795331383753516e-5
6.203519775814845	8.987168952891604e-5
6.2869891157850954	9.182300316945369e-5
6.374631922753862	9.378407704232916e-5
6.466656870071068	9.57244032060924e-5
6.563283064754133	9.760756690206274e-5
6.66474056917135	9.939604120303622e-5
6.7180057589903885	0.0001002582576403613
6.773934208300378	0.0001011026568323307
6.832659080075869	0.00010192537952389001
6.894320195440136	0.0001027233398866833
6.959064366572614	0.00010349450360608661
7.027045746261713	0.00010423783958543623
7.098426194935268	0.00010495313572883908
7.173375666042503	0.00010564076917947109
7.252072610705103	0.00010630149112630183
7.334704402600831	0.00010693625604282727
7.4214677840913446	0.00010754610122264259
7.512569334656387	0.00010813206924403816
7.608225962749682	0.00010869516178572318
7.658445692498663	0.0001089682592924649
7.711176408735092	0.00010924333135767357
7.766543660783345	0.00010951962416927919
7.824679275434008	0.00010979664384657292
7.885721670817203	0.00011007396609459498
7.949816185969558	0.00011035119831242798
8.017115426879533	0.00011062796487121817
8.087779629835001	0.00011090389851104361
8.161977042938249	0.00011117863415527424
8.239884326696654	0.00011145180383758783
8.321686974642981	0.0001117230320075232
8.407579754986623	0.00011199193064038942
8.497767174347448	0.00011225809359800777
8.545115569511879	0.00011238769102043196
8.594831384434531	0.00011252077432714404
8.647032990103316	0.00011265665539735917
8.701844676055543	0.00011279496764077457
8.759396946305378	0.00011293540603457519
8.81982683006771	0.00011307768243166649
8.883278208018153	0.00011322150727388488
8.949902154866125	0.00011336657726552345
9.019857299056495	0.00011351256476823132
9.09331020045638	0.00011365910716819728
9.170435746926255	0.00011380579487374435
9.251417570719633	0.0001139521564668391
9.336448485702675	0.0001140976390471618
9.425730946434872	0.00011424158086012923
9.472604238319278	0.00011430773446665147
9.521821194797901	0.00011437656791737147
9.573498999100458	0.0001144469931369393
9.62776069361814	0.00011451842517373857
9.684735472861705	0.0001145903400097095
9.744558991067445	0.00011466218493034093
9.807373685183478	0.00011473332669446822
9.873329114005314	0.00011480299836206461
9.942582314268238	0.00011487023035419094
9.98470182545569	0.00011486373550081642
9.946525998810758	0.00011464824254206582
9.906441380833577	0.00011437034777219469
9.864352531957534	0.00011397662996142818
9.820159240637691	0.0001134320889609914
9.773756284751851	0.0001127273233097516
9.725033181071723	0.00011186909130599146
9.673873922207585	0.00011086656593275645
9.620156700400244	0.00010972624495338833
9.591955158951393	0.00010906876672302771
9.562343540430094	0.00010836343151124926
9.53125134098273	0.00010760767057669545
9.498604531563002	0.00010679887041879451
9.464325381672287	0.00010593436289495693
9.428332274287037	0.00010501143570810241
9.390539511532525	0.00010402734941299448
9.35085711064028	0.00010297935862937113
9.309190589703427	0.00010186473463070407
9.265440742719733	0.000100680790199579
9.21950340338685	9.942491172985234e-5
9.171269197087328	9.8094596327223e-5
9.120623280472824	9.668748740957421e-5
9.067445068027595	9.520141712847046e-5
9.039526506493853	9.439582229062762e-5
9.010212016883425	9.355136429374202e-5
8.979431802792472	9.266618789212102e-5
8.947112577996972	9.173843752159394e-5
8.9131773919617	9.076626740517749e-5
8.877545446624664	8.974785528917564e-5
8.840131904020776	8.868141733168135e-5
8.800847684286692	8.756522269241525e-5
8.759599253565904	8.63976099881014e-5
8.716288401309074	8.517700963718291e-5
8.670812006439403	8.390197109881904e-5
8.623061791826245	8.25711879978219e-5
8.572924066482432	8.118351987695625e-5
8.520279454871433	7.973802126961766e-5
8.492641033775659	7.896710609955504e-5
8.463620691625096	7.816355762856491e-5
8.433149332366998	7.73261879566266e-5
8.401154405145999	7.645382891624238e-5
8.367559731563947	7.554534031537906e-5
8.332285324302795	7.459962039571028e-5
8.295247196678588	7.36156187370454e-5
8.256357162673167	7.25923505077914e-5
8.215522626967475	7.152891008778051e-5
8.172646364476499	7.042448335767279e-5
8.12762628886098	6.927836096857687e-5
8.080355209464685	6.808995622504651e-5
8.030720576098576	6.685882760641878e-5
7.978604211064155	6.558470016796366e-5
7.95124311942109	6.491147810474085e-5
7.922513973195864	6.421159235775719e-5
7.892348369659379	6.348426051907282e-5
7.860674485946069	6.272872372284833e-5
7.827416908047091	6.194425398680434e-5
7.792496451253168	6.113016256181306e-5
7.755829971619548	6.0285808819019453e-5
7.717330168004244	5.941060905197543e-5
7.6769053742081805	5.850404485862974e-5
7.6344593407223105	5.756567151036334e-5
7.589891005562146	5.659512743861725e-5
7.5430942536439805	5.55921458857988e-5
7.493957664129898	5.455656846600305e-5
7.442364245140114	5.34883586065376e-5
7.4152777001704795	5.292741727886549e-5
7.386836827952363	5.234493894967692e-5
7.356973912123337	5.1740371990449995e-5
7.325617850502866	5.111318549622981e-5
7.292693985801364	5.046287402542102e-5
7.258123927864792	4.97889628998255e-5
7.221825367031389	4.909101411961211e-5
7.183711878156318	4.836863283184367e-5
7.1436927148374885	4.762147414522487e-5
7.101672593352726	4.68492499809785e-5
7.057551465793717	4.605173568157971e-5
7.0112242818567605	4.522877631101775e-5
6.962580738722961	4.438029290362633e-5
6.9115050184324645	4.350628915291033e-5
6.857875512127443	4.260685893638663e-5
6.829720021317307	4.213679297703712e-5
6.8001567559666665	4.1649100059501375e-5
6.769115327348496	4.114337582740807e-5
6.736521827299411	4.061923525365431e-5
6.702298652247878	4.007631630332304e-5
6.666364318443767	3.9514283762909405e-5
6.628633267949446	3.8932833219776526e-5
6.589015664930411	3.833169519049602e-5
6.5474171817604265	3.77106394194796e-5
6.5037387744319375	3.7069479385011295e-5
6.457876446737032	3.640807704437355e-5
6.409721002657376	3.5726347812869e-5
6.359157786373739	3.502426570454756e-5
6.306066409275921	3.430186848417482e-5
6.278193436299562	3.392543247861824e-5
6.248926814674389	3.3534770973998396e-5
6.218196861967957	3.312955241217583e-5
6.185930411626206	3.2709458446972186e-5
6.1520506387673635	3.2274186494139416e-5
6.11647687726558	3.182345243045404e-5
6.079124427688711	3.1356993441682815e-5
6.039904355632997	3.08745710155109e-5
5.998723279974492	3.0375974074604955e-5
5.955483150533061	2.986102224264129e-5
5.910081014619566	2.932956923113185e-5
5.86240877191039	2.8781506326618512e-5
5.812352917065757	2.821676594654566e-5
5.759794269478897	2.7635325219407257e-5
5.732200979495792	2.7332887882664867e-5
5.703228025013534	2.7018838075743702e-5
5.6728064228071595	2.6692890487656345e-5
5.640863740490474	2.6354768405591874e-5
5.6073239240579476	2.6004205581976942e-5
5.572107116803799	2.5640948222849047e-5
5.535129469186941	2.5264757097201152e-5
5.496302939189244	2.487540976271741e-5
5.455535082691654	2.4472702901332688e-5
5.412728833369185	2.405645475618663e-5
5.3677822715805945	2.362650765956996e-5
5.320588381702578	2.3182730639300054e-5
5.27103479733066	2.2725022088525392e-5
5.21900353374015	2.225331248120636e-5
5.1916871203551285	2.2008198269001128e-5
5.163004886300859	2.1753494764189084e-5
5.132888540543874	2.1488951006085623e-5
5.101266377499041	2.121432130236939e-5
5.068063106301963	2.0929366627149876e-5
5.0331996715450344	2.063385611995945e-5
4.996593065050261	2.0327568687548025e-5
4.958156128230744	2.0010294707557037e-5
4.917797344570252	1.968183783174294e-5
4.875420621726736	1.9342016885063794e-5
4.830925062741045	1.899066785551445e-5
4.784204725806065	1.8627645968138703e-5
4.735148372024343	1.8252827835197145e-5
4.683639200553529	1.7866113673067403e-5
4.62955457050918	1.746742957519613e-5
4.601160139735896	1.7260468026335756e-5
4.5713459874239515	1.7045348197510145e-5
4.540041127496401	1.682185183013806e-5
4.5071710245724805	1.658976463692161e-5
4.472657416502361	1.6348877457484923e-5
4.436418128028734	1.609898750227175e-5
4.39836687513143	1.583989968745725e-5
4.358413059589257	1.5571428061954705e-5
4.316461553269972	1.5293397326918844e-5
4.272412471634723	1.5005644447531519e-5
4.226160935917713	1.4708020356299668e-5
4.1775968234148575	1.440039174659528e-5
4.126604505286862	1.408264295479753e-5
4.073062571252457	1.3754677929227238e-5
4.044953055884397	1.3584431004883528e-5
4.015438064747938	1.340735153443767e-5
3.9844473240546563	1.3223245973789412e-5
3.951907046326708	1.3031923037109026e-5
3.9177397547123594	1.2833194623789685e-5
3.881864098517296	1.2626876827244532e-5
3.8441946595124765	1.241279102994146e-5
3.8046417485574135	1.219076508837377e-5
3.7631111920546	1.1960634611624209e-5
3.7195041077266477	1.1722244337285084e-5
3.6737166691822942	1.1475449608720977e-5
3.6256398587107252	1.1220117958080511e-5
3.575159207715579	1.095613080012964e-5
3.5221545241706753	1.0683385243019218e-5
3.4664996064485276	1.040179602362122e-5
3.437280774644398	1.0255667735309294e-5
3.406601001250067	1.0103651468221555e-5
3.374387239186012	9.94557947443773e-6
3.3405627890187617	9.781286078616025e-6
3.305047116343145	9.610608541265122e-6
3.2677556600337443	9.433388008783814e-6
3.2285996309088727	9.24947055727011e-6
3.1874858003277584	9.058708337386962e-6
3.1443162782175893	8.860960828451348e-6
3.0989882800019153	8.656096211094638e-6
3.051393881875457	8.443992869414745e-6
3.0014197638426765	8.224541035602005e-6
2.948946939908259	7.997644592755103e-6
2.8938504747771177	7.76322305522427e-6
2.8649248305832664	7.641535574463075e-6
2.8345529041797235	7.5148984947707564e-6
2.8026623814560025	7.383167984121404e-6
2.7691773325960956	7.246201974215581e-6
2.7340180312931928	7.103860970703817e-6
2.6971007649251444	6.956008959800056e-6
2.6583376352386967	6.802514422018435e-6
2.617636349067931	6.643251465179145e-6
2.57489999858862	6.478101090883372e-6
2.5300268305853457	6.306952611283749e-6
2.4829100041819085	6.12970523633843e-6
2.4334373364582973	5.946269856065497e-6
2.3814910353485086	5.7565710479173974e-6
2.3269474191832273	5.560549346702022e-6
2.26967662220968	5.3581638240601434e-6
2.23960945379857	5.253161909810783e-6
2.2080389269669	5.1439390403336405e-6
2.174889873793653	5.0303810300706546e-6
2.140083367961738	4.912376915566424e-6
2.103536536838231	4.789819953287949e-6
2.065162364158546	4.662608757563426e-6
2.0248694828448777	4.530648599889055e-6
1.9825619574655295	4.393852895078618e-6
1.9381390558172118	4.252144905270558e-6
1.8914950090864746	4.105459699942277e-6
1.842518760019205	3.953746419314992e-6
1.7910936984985693	3.796970900597183e-6
1.7370973839019044	3.635118742399018e-6
1.6804012535754076	3.4681989037616787e-6
1.6208703167325833	3.296247962584769e-6
1.5896165748901048	3.207190114675262e-6
1.5568001459554992	3.114687491044702e-6
1.5223428955741625	3.0186686040277747e-6
1.486162782673759	2.9190688738489534e-6
1.4481736641283316	2.815832210711729e-6
1.4082850896556387	2.7089128645380727e-6
1.3664020864593063	2.598277595721692e-6
1.322424933103159	2.483908233877553e-6
1.2762489220792084	2.365804709590978e-6
1.2277641105040615	2.24398866817097e-6
1.1768550583501547	2.1185078067146153e-6
1.1234005535885494	1.9894411198010633e-6
1.0672733235888643	1.85690529985488e-6
1.008339732089194	1.7210626231523532e-6
0.9464594610145394	1.5821307729686697e-6
0.8814851763861586	1.4403952249089555e-6
0.8132621775263527	1.296225072832881e-6
0.7774451031249541	1.222351607037937e-6
0.7398371750034904	1.146263910485789e-6
0.7003488504759492	1.068027269624371e-6
0.6588861097220278	9.877351389856402e-7
0.6153502319304138	9.055151300556019e-7
0.5696375602492232	8.215364003817143e-7
0.5216392549839721	7.360188125814545e-7
0.4712410344554563	6.49244289583819e-7
0.41832290290051866	5.615707329713903e-7
0.3627588647678337	4.734483416976649e-7
0.3335877447481739	4.288061285165564e-7
0.3029580687275324	3.832111091740346e-7
0.2707969089058526	3.367759011722512e-7
0.23702769109308797	2.89635178726545e-7
0.2015700123896913	2.419401368847436e-7
0.16433944975112524	1.9383917914312647e-7
0.12524735898062467	1.4542640932622886e-7
0.08420066367159862	9.66230437905944e-8
0.0411016335971226	4.6950709451614156e-8
-0.004152347981074556	4.773538368952978e-9
-0.05166902863818379	6.058814587486248e-8
-0.1015615433281436	1.2309206272891755e-7
-0.15394868375260273	1.948839281253135e-7
-0.2089551811982826	2.7826763228610444e-7
-0.266712003516254	3.7534251547871183e-7
-0.3273566669501182	4.88225212147084e-7
-0.35919511525289494	5.519174710879244e-7
-0.3926254859708145	6.222507075079871e-7
-0.4277273752246291	6.999795797512284e-7
-0.46458435894113137	7.859557779135913e-7
-0.5032841918434627	8.811434868156991e-7
-0.5439190163909124	9.866373873346282e-7
-0.5865855821657284	1.1036836700619323e-6
-0.631385476229287	1.2337045945732635e-6
-0.678425364996027	1.3783271844525245e-6
-0.7031213065985664	1.4573635152383442e-6
-0.7290520452812288	1.542915792593969e-6
-0.7562793208980256	1.6356268230495091e-6
-0.7848679602956654	1.736214236816394e-6
-0.814886031663189	1.8454804327055705e-6
-0.8464050065990847	1.964323942491092e-6
-0.8794999302817708	2.093752404961395e-6
-0.9142496001485956	2.234897352625345e-6
-0.9507367535087585	2.3890310198579545e-6
-0.9890482645369314	2.5575853749825806e-6
-1.029275351116512	2.742173552724702e-6
-1.0715137920250761	2.944613806769381e-6
-1.0936889735020738	3.054048416056723e-6
-1.1169729140529228	3.1716687654435337e-6
-1.1414210516313084	3.2982080045175387e-6
-1.1670915960886141	3.4344758378075386e-6
-1.1940456677687816	3.5813671945494397e-6
-1.2223474430329606	3.7398718148409678e-6
-1.2520643070603477	3.911084795531867e-6
-1.283267014289109	4.096218116462201e-6
-1.3160298568793038	4.296613133306591e-6
-1.3504308415990085	4.513753974461245e-6
-1.386551875554698	4.749281713758559e-6
-1.4244789612081732	5.005009107566556e-6
-1.4643024011443195	5.282935586830367e-6
-1.4852097071107995	5.432175702873165e-6
-1.5071623783756039	5.591783639413896e-6
-1.530212683203649	5.762593628419897e-6
-1.5544155032730966	5.945514256314624e-6
-1.5798284643460114	6.141534908372381e-6
-1.6065120734725724	6.351732573622758e-6
-1.6345298630554606	6.577278978263895e-6
-1.663948542117497	6.819448007642264e-6
-1.6948381551326364	7.079623374267802e-6
-1.7272722487985348	7.3593064965951404e-6
-1.761328047147721	7.660124576363666e-6
-1.7970866354143666	7.983838908168477e-6
-1.8346331530943516	8.332353530667383e-6
-1.8740569966583287	8.707724439430632e-6
-1.8947545145294153	8.908089094568137e-6
-1.9164869082940594	9.12130680894232e-6
-1.9393059217469322	9.348292814871223e-6
-1.963265885872456	9.590032218262019e-6
-1.9884238482042527	9.84758546245218e-6
-2.0148397086526426	1.0122094293151782e-5
-2.0425763621234516	1.0414788312355012e-5
-2.071699848267796	1.0726992228985744e-5
-2.1022795087193558	1.106013393524684e-5
-2.134388152193498	1.1415753557861e-5
-2.1681022278413487	1.1795513649643816e-5
-2.2035020072715916	1.2201210695492141e-5
-2.2406717756733485	1.2634788103929642e-5
-2.2601859040842687	1.286507696342576e-5
-2.280675738915736	1.310915549770627e-5
-2.3021900654887784	1.3367936133093836e-5
-2.324780108390474	1.3642399140205334e-5
-2.348499653437246	1.3933598426909746e-5
-2.3734051757363606	1.4242667888107001e-5
-2.399555974150429	1.4570828369957086e-5
-2.4270143124852073	1.4919395304399436e-5
-2.4558455677367164	1.528978706911031e-5
-2.4861183857508085	1.568353412666639e-5
-2.5179048446655994	1.610228899435726e-5
-2.551280626526129	1.6547837092976552e-5
-2.5863251974796864	1.7022108519484063e-5
-2.623121996980924	1.7527190785394383e-5
-2.6424403167190746	1.77947985849726e-5
-2.6627245524441356	1.80779246431903e-5
-2.684022999955449	1.8377564061802373e-5
-2.706386369842324	1.8694783754647067e-5
-2.7298679082235466	1.903072833589493e-5
-2.754523523523824	1.938662645655493e-5
-2.7804119195891186	1.9763797654297333e-5
-2.807594735457677	2.0163659766406435e-5
-2.8361366921196662	2.058773695345684e-5
-2.8661057466147533	2.103766838269802e-5
-2.8975732538345955	2.1515217623103264e-5
-2.9306141364154303	2.2022282808090308e-5
-2.9653070631253087	2.2560907626974203e-5
-3.0017346361706743	2.3133293212370383e-5
-3.020859112019494	2.3436064955567066e-5
-3.0409398116607544	2.375603057757279e-5
-3.0620245462840767	2.4094259550806507e-5
-3.084163517638565	2.4451895135799858e-5
-3.1074094375607775	2.483016028851266e-5
-3.1318176534790965	2.5230363926342526e-5
-3.157446280193339	2.5653907665142824e-5
-3.1843563382432905	2.6102293093573857e-5
-3.212611899195741	2.6577129641611218e-5
-3.242280238195816	2.7080143099910446e-5
-3.273431994145888	2.7613184850068434e-5
-3.3061413378934645	2.8178241871008103e-5
-3.3404861488284254	2.8777447593288556e-5
-3.3765482003101344	2.941309368105923e-5
-3.3954807773380313	2.9748895864122303e-5
-3.415359983217323	3.0103438129584333e-5
-3.4362331493905796	3.047785537869026e-5
-3.4581499738724997	3.0873358210171866e-5
-3.4811626395785122	3.129123892931351e-5
-3.5053259385698254	3.173287785251682e-5
-3.5306974025107074	3.2199750069388064e-5
-3.557337439648629	3.2693432743181594e-5
-3.5853094786434525	3.321561301361944e-5
-3.614680119588014	3.3768096564420196e-5
-3.645519292579804	3.435281692130796e-5
-3.6779004242211855	3.497184555206752e-5
-3.711900612444632	3.562740284758361e-5
-3.74760081007925	3.6321870071554104e-5
-3.7850860175956047	3.705780237660824e-5
-3.8047657515416855	3.744628481784111e-5
-3.8254294721850712	3.7856223844802074e-5
-3.847126378860626	3.8288899011185994e-5
-3.869908130869959	3.874567380575402e-5
-3.893828970479758	3.922800232894785e-5
-3.9189458520700526	3.973743624480722e-5
-3.945318577739858	4.0275632236426945e-5
-3.973009939693153	4.084436006436321e-5
-4.002085869744114	4.144551130256302e-5
-4.032615596297626	4.208110882344619e-5
-4.064671809178808	4.275331710723752e-5
-4.098330832704056	4.346445345672465e-5
-4.133672807405562	4.421700020602628e-5
-4.17078188084214	4.5013618020229845e-5
-4.190264144396343	4.5433836748106753e-5
-4.210720521128257	4.5877014215839465e-5
-4.232199716696767	4.634449777166559e-5
-4.254752872043701	4.683772166145936e-5
-4.278433685157985	4.73582138469862e-5
-4.3032985389279865	4.790760308364651e-5
-4.3294066353864835	4.848762650973342e-5
-4.356820136667903	4.9100137845951864e-5
-4.385604313013394	4.9747116276468654e-5
-4.415827698176162	5.0430676078704105e-5
-4.447562252597068	5.1153077070984065e-5
-4.48088353473902	5.191673595082418e-5
-4.515870880988073	5.272423860055576e-5
-4.552607594549576	5.3578353440402956e-5
-4.591181143789154	5.448204591122906e-5
-4.611432257139931	5.495858917375916e-5
-4.632695926158252	5.5461039690053933e-5
-4.655022778627487	5.599090645149053e-5
-4.678465973720183	5.65497948312301e-5
-4.7030813285675155	5.7139414065931346e-5
-4.72892745115721	5.776158495853626e-5
-4.75606587987639	5.8418248108226085e-5
-4.78456123003153	5.911147276562813e-5
-4.81448134769443	5.9843466374216524e-5
-4.845897471240477	6.061658484896577e-5
-4.878884400963823	6.143334363820533e-5
-4.913520677173331	6.229642960870765e-5
-4.94988876719332	6.320871378482554e-5
-4.988075261714311	6.417326495777242e-5
-5.02817108096135	6.519336415818376e-5
-5.07027169117074	6.627251995016463e-5
-5.092374511530666	6.684150735892742e-5
-5.115582472908589	6.744137252879375e-5
-5.139950832355407	6.80739046689455e-5
-5.165537609774571	6.874100508976437e-5
-5.192403726064692	6.944469556117686e-5
-5.220613148169315	7.018712662863675e-5
-5.250233041379175	7.097058629602614e-5
-5.281333929249525	7.179750913091293e-5
-5.313989861513395	7.267048576928441e-5
-5.348278590390461	7.359227275153746e-5
-5.384281755711378	7.456580257177593e-5
-5.422085079298338	7.559419375605681e-5
-5.46177856906465	7.668076069247193e-5
-5.503456733319272	7.782902280482096e-5
-5.547218805786631	7.904271247512876e-5
-5.593168981877357	8.032578085379414e-5
-5.641416666772612	8.16824003134684e-5
-5.692076735912632	8.311696175034751e-5
-5.718673272211143	8.387290856758332e-5
-5.7465996353245785	8.466957088854542e-5
-5.775922316593691	8.550922155306532e-5
-5.8067111319262565	8.639425087206288e-5
-5.839039388025453	8.732717039429649e-5
-5.872984056929607	8.831061344071882e-5
-5.908625959278968	8.934733276128842e-5
-5.946049956745796	9.044019448724527e-5
-5.985345154085966	9.159216702255076e-5
-6.026605111293144	9.280630298371154e-5
-6.069928066360681	9.408571163373286e-5
-6.115417169181594	9.543351841869608e-5
-6.163180727143551	9.685280720054715e-5
-6.213332463003603	9.834653966017017e-5
-6.239662124330138	9.913063136481951e-5
-6.267308268722989	9.995437898414848e-5
-6.296336720335489	0.00010081956526402593
-6.326816594528609	0.00010172797150348105
-6.358820462431389	0.00010268135981577483
-6.392424523729304	0.00010368144664060764
-6.427708788092119	0.00010472986868353969
-6.464757265673072	0.00010582814129821906
-6.503658167133075	0.00010697760952265269
-6.544504113666079	0.00010817939272092236
-6.5873923575257365	0.00010943432485201998
-6.6324250135783736	0.00011074289348328195
-6.679709302433643	0.00011210518120467427
-6.729357805731677	0.00011352081224833373
-6.781488734194614	0.00011498890417105676
-6.808857471637655	0.00011574922330456897
-6.837594645952851	0.00011654093330841965
-6.867768678983808	0.00011736465289096411
-6.899451413666313	0.00011822088248079715
-6.9327182850829345	0.00011910998771859223
-6.967648500070389	0.00012003217693328194
-7.0043252258072215	0.00012098747291643141
-7.042835787830892	0.0001219756787280721
-7.083271877955745	0.0001229963371290129
-7.125729772586844	0.00012404868320239977
-7.170310561949496	0.00012513158972549847
-7.217120390780281	0.0001262435048447099
-7.266270711052599	0.00012738238158072074
-7.317878547338541	0.00012854559865678377
-7.34497266138866	0.00012913513872997825
-7.373421481141278	0.00012974426109481056
-7.40329274188154	0.00013037266603307585
-7.4346575656588065	0.00013101987933857227
-7.46759063062494	0.0001316852290201338
-7.502170348839378	0.0001323678175697732
-7.538479052964533	0.00013306648976449119
-7.576603192295952	0.0001337797958354304
-7.616633538593938	0.00013450594980055265
-7.658665402206822	0.00013524278273286633
-7.702798859000353	0.00013598769072659429
-7.749138988633568	0.00013673757733226013
-7.797796124748437	0.00013748879026340063
-7.848886117669053	0.0001382370522371154
-7.902530610235694	0.00013897738590350434
-7.930693968833182	0.0001393296815310448
-7.960265495360545	0.00013968766036746684
-7.991315598214275	0.00014004978966815433
-8.023918206210688	0.0001404143268505097
-8.058150944606925	0.00014077928910691847
-8.094095319922978	0.00014114242029937847
-8.131836914004829	0.00014150115470566995
-8.171465587790774	0.0001418525775128066
-8.21307569526602	0.00014219338202671266
-8.256766308115022	0.00014251982359784769
-8.302641451606476	0.000142827670293859
-8.350810352272504	0.00014311215039750278
-8.401387697971828	0.00014336789687947781
-8.454493910956124	0.00014358888909804898
-8.482374672772881	0.00014365771892707824
-8.511649472680467	0.0001437193574996004
-8.542388012583437	0.00014377145159141596
-8.574663479481561	0.00014381145792359302
-8.608552719724585	0.0001438366113120855
-8.644136421979766	0.00014384389231073666
-8.6814993093477	0.0001438299935054466
-8.720730341084035	0.00014379128431241188
-8.761922924407184	0.00014372377429511143
-8.805175136896494	0.00014362307511903188
-8.850589960010264	0.00014348436133030043
-8.898275524279732	0.0001433023302553631
-8.948345366762666	0.0001430711614296787
-9.000918701369748	0.0001427844761776368
-9.056120702707187	0.0001424352981153675
-9.085101753409344	0.00014219127996142333
-9.115531856646601	0.00014192673770682863
-9.147483465045731	0.00014163847421953487
-9.181032653864811	0.00014132312855957884
-9.216259302124847	0.0001409771442397147
-9.253247282797883	0.0001405967394093587
-9.292084662504571	0.00014017787786076987
-9.33286391119659	0.00013971624041194728
-9.375682122323212	0.00013920719837441455
-9.42064124400617	0.00013864578767797331
-9.467848321773271	0.0001380266862505049
-9.517415753428729	0.0001373441948980352
-9.569461556666958	0.0001365922219690958
-9.624109650067105	0.00013576427694518634
-9.681490148137257	0.00013485346922569236
-9.711614909624089	0.00013430523953764423
-9.743245909185259	0.00013372549635240534
-9.776458458724484	0.0001331107034383537
-9.811331635740672	0.00013245721393608632
-9.847948471607673	0.00013176124988143324
-9.88639614926802	0.0001310188902974877
-9.926766210811387	0.00013022606373835728
-9.969154775431921	0.00012937853535103074
-9.986337231716513	0.0001280201700284878
-9.939603839222375	0.00012552944718625437
-9.89053377710353	0.00012294946254444298
-9.83901021187874	0.00012027955224775358
-9.784910468392711	0.00011751967824999875
-9.756508103062549	0.00011604111227565761
-9.726685619465876	0.0001145091319275571
-9.695372011689365	0.00011292197234230819
-9.662492723524032	0.00011127801199711871
-9.627969470950433	0.00010957579678786323
-9.59172005574815	0.0001078140708922571
-9.55365816978576	0.00010599180022808892
-9.513693189525245	0.0001041081908477094
-9.471729960251709	0.00010216272417444167
-9.427668569514491	0.00010015520157825454
-9.381404109240412	9.808576553425156e-5
-9.332826425952634	9.595491836805624e-5
-9.281819858500464	9.37635758739137e-5
-9.228262962675684	9.151310371397049e-5
-9.200145592367672	9.032028959810505e-5
-9.170622353544262	8.908723486886739e-5
-9.13962295277968	8.781313767454603e-5
-9.10707358197687	8.649731096405893e-5
-9.072896742633922	8.513919513869497e-5
-9.037011061323827	8.373836786551617e-5
-8.999331095948229	8.22945580330861e-5
-8.95976713230385	8.080766852102081e-5
-8.918224970477251	7.927780025387309e-5
-8.874605700559322	7.770526435186915e-5
-8.828805467145493	7.609058461817994e-5
-8.780715222060973	7.443451078296684e-5
-8.730220464722231	7.273804872594134e-5
-8.67720096951655	7.100248001982399e-5
-8.64936573453357	7.008993878547384e-5
-8.620138737801435	6.914756938810739e-5
-8.589450391232694	6.817494949612805e-5
-8.55722762733552	6.717172871985765e-5
-8.523393725243489	6.613763980136662e-5
-8.487868128046854	6.50725090278722e-5
-8.450566250990388	6.39762639073569e-5
-8.411399280081095	6.284893826008507e-5
-8.370273960626342	6.169067782384408e-5
-8.32709237519885	6.050175017451603e-5
-8.28175171049998	5.928255904865739e-5
-8.23414401256617	5.803365734524259e-5
-8.18415592973567	5.6755751754583776e-5
-8.131668442763642	5.544969917302753e-5
-8.076556581443013	5.4116504788554145e-5
-8.047622854249683	5.341972806796668e-5
-8.017242440696686	5.2700506211580764e-5
-7.985343006466037	5.1958582421583184e-5
-7.9518486005238564	5.119375093257211e-5
-7.916679474284569	5.0405862083255926e-5
-7.879751891733315	4.959482667753866e-5
-7.840977930054498	4.8760619933980724e-5
-7.800265270291744	4.79032857682246e-5
-7.757516977540853	4.70229422151819e-5
-7.7126312701524125	4.6119788216155726e-5
-7.665501277394551	4.5194110907995896e-5
-7.616014784998795	4.4246291619608184e-5
-7.5640539679832575	4.3276808887999845e-5
-7.509495110116937	4.228623832636016e-5
-7.480851709737122	4.177034106196615e-5
-7.450776139338311	4.123721432370771e-5
-7.419196790419562	4.0686620533681754e-5
-7.386038474054875	4.011835209556591e-5
-7.351222241871955	3.95322350757365e-5
-7.314665198079888	3.8928133090013196e-5
-7.276280302098224	3.830595126206801e-5
-7.235976161317472	3.7665640062373795e-5
-7.193656813497684	3.70071988295608e-5
-7.149221498286904	3.6330678844731715e-5
-7.102564417315591	3.563618597110869e-5
-7.05357448229571	3.4923883040436085e-5
-7.002135050524831	3.419399227948989e-5
-6.948123647165412	3.3446798035479494e-5
-6.919767660401712	3.30584351987506e-5
-6.889993874299831	3.2656515983623586e-5
-6.858731398892859	3.224080887428462e-5
-6.825905799715537	3.181110112625265e-5
-6.791438920579349	3.136720119338931e-5
-6.755248697486351	3.090894121762765e-5
-6.7172489632387045	3.0436179547707778e-5
-6.6773492422786695	2.9948803252644597e-5
-6.6354545352706396	2.94467306017542e-5
-6.591465092912205	2.8929913494894972e-5
-6.54527617843585	2.8398339841373163e-5
-6.496777818235673	2.7852035898740232e-5
-6.445854540025486	2.7291068587077797e-5
-6.392385097904789	2.6715547784839926e-5
-6.364313640791428	2.641673329649707e-5
-6.334838610822393	2.6107038076873878e-5
-6.303889829354912	2.5786239671547362e-5
-6.271393608814053	2.5454126929322217e-5
-6.237272577246156	2.5110501716290866e-5
-6.201445494099858	2.475518070947508e-5
-6.163827056796247	2.4387997261158638e-5
-6.124327697627461	2.4008803321942933e-5
-6.08285337050023	2.3617471408327888e-5
-6.039305327016642	2.3213896598974423e-5
-5.9935798813588725	2.2797998542911157e-5
-5.945568163418216	2.2369723462862387e-5
-5.895155859580523	2.1929046137473704e-5
-5.842222940550945	2.1475971847124938e-5
-5.814433158060419	2.124083548707293e-5
-5.785253886445361	2.0996813918346868e-5
-5.754615651249555	2.074369834170338e-5
-5.722445504293958	2.048128656418765e-5
-5.688666849990582	2.0209384262616046e-5
-5.65319926297204	1.99278063198345e-5
-5.615958296602566	1.9636378231785013e-5
-5.576855281914614	1.9334937581939165e-5
-5.535797116492267	1.9023335578468636e-5
-5.492686042798809	1.870143864828801e-5
-5.447419415420676	1.836913008081384e-5
-5.399889456673632	1.8026311712995063e-5
-5.349982999989233	1.7672905645921422e-5
-5.297581220470615	1.7308855982212575e-5
-5.270070286223341	1.7119924794223124e-5
-5.2411838052637005	1.6923628945841514e-5
-5.210853000256082	1.671977594204036e-5
-5.179005654998079	1.6508176910381616e-5
-5.145565942477184	1.6288647571827925e-5
-5.11045424433024	1.606100927903299e-5
-5.0735869612759465	1.5825090122428358e-5
-5.034876314068946	1.5580726103578346e-5
-4.994230134501594	1.532776237466096e-5
-4.951551645955874	1.506605454233493e-5
-4.9067392329828685	1.4795470033661429e-5
-4.859686199361208	1.4515889521202055e-5
-4.810280514058469	1.4227208403930863e-5
-4.7584045444905865	1.3929338340234186e-5
-4.703934776444312	1.362220882907012e-5
-4.675338148220014	1.3462862908958217e-5
-4.645311688584508	1.3297212256094611e-5
-4.613783905967228	1.3125084559551778e-5
-4.580679734219082	1.2946309959503977e-5
-4.545920353883526	1.2760721868452151e-5
-4.509423004531197	1.256815785757517e-5
-4.471100787711251	1.2368460610216016e-5
-4.430862460050307	1.2161478944147025e-5
-4.3886122160063135	1.1947068904091935e-5
-4.344249459760121	1.1725094925877196e-5
-4.297668565701613	1.1495431073558094e-5
-4.248758626940186	1.1257962350950364e-5
-4.197403191240685	1.1012586089245889e-5
-4.143479983756206	1.0759213412866943e-5
-4.115170299826856	1.0627698879810415e-5
-4.085445131701038	1.0490869788757094e-5
-4.054233705168926	1.034857144048381e-5
-4.021461707310214	1.0200650352531484e-5
-3.987051109558566	1.0046954937228649e-5
-3.950919981919334	9.887336243886311e-6
-3.9129822978981377	9.721648768958934e-6
-3.8731477296758854	9.549751338060984e-6
-3.8313214330425183	9.371508063991325e-6
-3.7874038215774863	9.186789385312597e-6
-3.741290329539204	8.995473190557212e-6
-3.692871162899003	8.797446033871986e-6
-3.6420310379267917	8.59260444890096e-6
-3.5886489067059735	8.380856369057828e-6
-3.560623287815039	8.270894494400713e-6
-3.5311963879795627	8.156421976768487e-6
-3.500298143152314	8.037302206000638e-6
-3.4678549860837027	7.913399211840702e-6
-3.4337896711616622	7.784578259195578e-6
-3.398021090493515	7.650706509369462e-6
-3.3604640807919584	7.511653752929557e-6
-3.321029220605327	7.36729322041135e-6
-3.279622617409368	7.2175024778404425e-6
-3.236145684053602	7.06216441501773e-6
-3.19049490403005	6.901168335747368e-6
-3.1425615850053212	6.734411160753204e-6
-3.092231600029356	6.5617987560379375e-6
-3.0393851158045937	6.3832474020252635e-6
-3.011640711586594	6.290490611504162e-6
-2.9825090871576965	6.1938969117751025e-6
-2.9519208815073483	6.093348343168399e-6
-2.919803265574483	5.988727544728049e-6
-2.8860797688449757	5.879918323926817e-6
-2.850670097278991	5.766806298753545e-6
-2.8134899421347104	5.64927962024878e-6
-2.774450779233213	5.5272297847010805e-6
-2.733459658186641	5.400552546175372e-6
-2.6904189810877455	5.269148941849635e-6
-2.6452262701339	5.132926444899944e-6
-2.597773923632367	4.991800262529558e-6
-2.5479489598057548	4.84569480034846e-6
-2.4956327477878126	4.694545318934762e-6
-2.4681667364783966	4.616018952125498e-6
-2.43932742460351	4.534244131544475e-6
-2.4090461471348767	4.4491228186764836e-6
-2.377250805792812	4.360558056652288e-6
-2.343865697383647	4.268454580024663e-6
-2.308811333554015	4.1727195112004e-6
-2.272004251532902	4.073263155391662e-6
-2.2333568154107386	3.969999908004912e-6
-2.1927770074824693	3.862849290966342e-6
-2.1501682091577834	3.7517371376983257e-6
-2.105428970916865	3.6365969505060643e-6
-2.0584527707638944	3.517371459253085e-6
-2.0091277606032776	3.3940144167305196e-6
-1.957336499934632	3.2664926745160314e-6
-1.9301460880835908	3.200279774015205e-6
-1.9015961556400018	3.1313628297837265e-6
-1.8716187265742334	3.0596665484961084e-6
-1.8401424260551735	2.9851178537570254e-6
-1.8070923105101588	2.9076466298749583e-6
-1.7723896891878965	2.82718658136008e-6
-1.735951936799518	2.743676226849199e-6
-1.6976922967917218	2.657060049923636e-6
-1.6575196747835363	2.567289834028896e-6
-1.6153384216749433	2.474326214699509e-6
-1.5710481059109238	2.3781404899312547e-6
-1.5245432743587006	2.2787167393501996e-6
-1.4757132012288654	2.176054315529447e-6
-1.4244416244425384	2.07017078739023e-6
-1.3975240466297123	2.0152979758189216e-6
-1.3692605899262489	1.9582686049475258e-6
-1.3395839603876158	1.8990360947920605e-6
-1.308423499372049	1.8375582569730896e-6
-1.2757050153057037	1.7737983409141408e-6
-1.241350607036038	1.707726256774685e-6
-1.2052784783528914	1.6393200081797184e-6
-1.167402743235586	1.5685673754086947e-6
-1.127633221362414	1.4954678994489588e-6
-1.0858752233955826	1.4200352298966563e-6
-1.0420293255304092	1.3422999160735207e-6
-0.9959911327719784	1.2623127422574195e-6
-0.9476510303756314	1.1801487364864708e-6
-0.8968939228594675	1.0959120206271927e-6
-0.8435989599674887	1.0097417210079529e-6
-0.8156191044492012	9.653962907103538e-7
-0.7862402561550041	9.195498048772884e-7
-0.7553924654460964	8.722091537928485e-7
-0.723002285201737	8.233919994369624e-7
-0.6889925959451659	7.731288910264322e-7
-0.6532824222257627	7.214657826830087e-7
-0.6157867398203898	6.684670404649433e-7
-0.5764162732947486	6.14219045676574e-7
-0.5350772834428241	5.588345220977697e-7
-0.4916713440983056	5.024577294303129e-7
-0.4460951077865616	4.4527065156172525e-7
-0.3982400596592317	3.875001985118293e-7
-0.34799225912553133	3.294260241637545e-7
-0.2952320685651433	2.713871445462143e-7
-0.26753296852094266	2.4213086650233186e-7
-0.23844891347453157	2.1234672600077464e-7
-0.20791065567579814	1.8211059987024724e-7
-0.17584548498712493	1.5150089122359457e-7
-0.14217705576402118	1.2058202422652297e-7
-0.10682520507976356	8.936779312248288e-8
-0.06970576186128952	5.7749232112351824e-8
-0.03073034648189754	2.537725040335309e-8
0.0	3.5981523610182443e-16
