0.003905796050753807	4.363337189803958e-9
0.043383089019712884	4.9059482003087995e-8
0.08483424663711325	9.805291143686413e-8
0.12835796213538586	1.5291837809523156e-7
0.1512079127719801	1.83370749505892e-7
0.1752003609403996	2.1668160211945432e-7
0.2003924315172423	2.5318797883894037e-7
0.22684410562292534	2.9325072564706064e-7
0.25461836343389166	3.37259088425135e-7
0.28378133413540674	3.8563622038596015e-7
0.31440245337200246	4.3884537501599113e-7
0.3465546285704235	4.973966977098565e-7
0.3803144125287705	5.61854643222727e-7
0.415762185685038	6.328461220345009e-7
0.4529823474991179	7.110695207423141e-7
0.49206351740389564	7.973047593072133e-7
0.5330987458039171	8.924245494885468e-7
0.5761857356239375	9.97407007940105e-7
0.6214270749349549	1.113349753386112e-6
0.645178778073241	1.1763831045649697e-6
0.6701180663684436	1.244328355417689e-6
0.6963043190784024	1.3176289749920735e-6
0.7237998844238636	1.3967739312601083e-6
0.752670228036596	1.4823027743531019e-6
0.7829840888299611	1.5748112763474038e-6
0.8148136426629993	1.6749576665672222e-6
0.8482346741876867	1.7834694931459414e-6
0.8833267572886072	1.9011511272725718e-6
0.920173444544572	2.0288919035455613e-6
0.9588624661633371	2.167674854517007e-6
0.9994859388630406	2.3185859446577465e-6
1.0421405851977283	2.48282363102507e-6
1.086927963849158	2.6617084633868147e-6
1.1104413376411593	2.757868114143859e-6
1.135130380122762	2.860800039833464e-6
1.1610538747284416	2.9710520194162353e-6
1.1882735440644066	3.0892202636728532e-6
1.2168541968671676	3.215953418673185e-6
1.2468638823100697	3.3519566743867824e-6
1.2783740520251108	3.4979958745385006e-6
1.3114597302259057	3.654901468239318e-6
1.3461996923367447	3.823572064417643e-6
1.3826766525531209	4.004977237754281e-6
1.4209774607803194	4.200159079882509e-6
1.4611933094188778	4.410231784550978e-6
1.5034199504893575	4.636378302846678e-6
1.5477579236133643	4.879842831825516e-6
1.5710353595034654	5.009573690608513e-6
1.5954766671880716	5.147544426854095e-6
1.6211400402569076	5.29430911819757e-6
1.6480865819791912	5.450453124002468e-6
1.6763804507875868	5.616592058502548e-6
1.7060890130364026	5.793369769443524e-6
1.7372830033976605	5.981455137508731e-6
1.7700366932769818	6.1815375504875505e-6
1.8044280676502655	6.394321000090556e-6
1.8405390107422104	6.620516909473926e-6
1.8784555009887605	6.860836027723071e-6
1.9182678157476385	7.115980003445898e-6
1.96007074624446	7.38663351902309e-6
2.003963823266117	7.67345803729961e-6
2.050051554138861	7.977088164319996e-6
2.074247612847051	8.137152962753744e-6
2.099653474490646	8.30576304066736e-6
2.1263296292164213	8.483330866919982e-6
2.1543395916784913	8.670277037214753e-6
2.18375005226366	8.86703188354216e-6
2.214631035878085	9.07403605803694e-6
2.2470560686732366	9.291740764446641e-6
2.2811023531081442	9.520607711203338e-6
2.3168509517647973	9.761108655518485e-6
2.3543869803542883	1.0013724293754364e-5
2.393799810373247	1.0278942174537242e-5
2.4351832818931562	1.0557253261239856e-5
2.4786359269890568	1.0849146754271913e-5
2.524261204339755	1.1155102806314952e-5
2.548214474948871	1.1315329555601933e-5
2.573365409088444	1.148325359634805e-5
2.5997738899349976	1.1659233766506249e-5
2.6275027948238794	1.1843619254802669e-5
2.6566181449572035	1.2036757894353116e-5
2.687189262597194	1.2238997035940258e-5
2.7192889361191863	1.245068200430796e-5
2.7529935933172744	1.2672153293561196e-5
2.788383483375272	1.2903742821538885e-5
2.825542867936166	1.3145769326492702e-5
2.864560221725103	1.3398532913238131e-5
2.9055284432034867	1.3662308733512816e-5
2.9485450757557885	1.3937339785407138e-5
2.993712539935709	1.4223828829388503e-5
3.0174254586301696	1.4373098444480806e-5
3.0423240232593507	1.4528989767736128e-5
3.068467516119986	1.4691765888752769e-5
3.095918183623656	1.4861660769154694e-5
3.124741384502512	1.5038895047412038e-5
3.15500574542531	1.5223678141428642e-5
3.1867833243942467	1.5416206981195868e-5
3.22014978231163	1.5616663458580735e-5
3.25518456312488	1.5825211163884977e-5
3.2919710829787974	1.6041991599201968e-5
3.330596928825411	1.626711994684856e-5
3.3711540669643547	1.650068043934307e-5
3.4137390620102437	1.6742721375108265e-5
3.4584533068084244	1.6993249835531767e-5
3.505403263846514	1.7252226178663787e-5
3.5300519912915096	1.7386354274262415e-5
3.555933155108759	1.752585641421023e-5
3.5831083771168704	1.767089695275113e-5
3.611642360225389	1.7821603023716615e-5
3.6416030424893275	1.7978084560389794e-5
3.673061758866467	1.8140436582589348e-5
3.7060934110624633	1.8308738154084072e-5
3.7407766458682623	1.848305038463937e-5
3.777194042414349	1.8663414044232108e-5
3.815432308787736	1.884984697165299e-5
3.8555824884798007	1.9042341361352256e-5
3.897740177156468	1.924086098798292e-5
3.9420057502669614	1.9445338426565252e-5
3.9884846020329867	1.9655672332751868e-5
4.012885999210152	1.9764208489213743e-5
4.038507466246175	1.9876819057673648e-5
4.065410006633998	1.9993605269148868e-5
4.093657674041209	2.0114639062180115e-5
4.123317724818785	2.0239979471061475e-5
4.154460778135238	2.0369674079315892e-5
4.187160984117515	2.0503758262161956e-5
4.221496200398898	2.0642253925854552e-5
4.257548177494357	2.0785168091977042e-5
4.295402753444586	2.093249142698625e-5
4.33515005819233	2.108419676238731e-5
4.376884728177455	2.124023763903251e-5
4.420706131661838	2.140054690847751e-5
4.466718605320441	2.1565035426960577e-5
4.490875153991212	2.1649763192484974e-5
4.516239530095518	2.173757374561695e-5
4.542872125005042	2.182853467812517e-5
4.570836349660041	2.1922694056950443e-5
4.600198785547791	2.2020091542117784e-5
4.631029343229924	2.2120759043583194e-5
4.663401428796163	2.2224720148479393e-5
4.6973921186407175	2.2331989320378454e-5
4.733082342977495	2.2442571043169232e-5
4.770557078531112	2.2556458954491896e-5
4.809905550862412	2.2673634989704818e-5
4.851221446810277	2.2794068553240455e-5
4.894603137555533	2.291771573452544e-5
4.9401539128380545	2.3044518586941647e-5
4.987982226884702	2.317440448969372e-5
5.013092091759193	2.32412251551855e-5
5.039457449877407	2.3310426159166697e-5
5.067141075901533	2.338205421450556e-5
5.096208883226865	2.3456143473205735e-5
5.126730080918458	2.353272250802868e-5
5.158777338494636	2.3611814475517288e-5
5.192426958949623	2.36934366718737e-5
5.227759060427362	2.377760000198172e-5
5.264857766978981	2.3864308434929314e-5
5.303811408858188	2.395355846419002e-5
5.344712732831347	2.404533858252616e-5
5.387659123003168	2.413962878092394e-5
5.432752832683576	2.4236400081373815e-5
5.480101227848007	2.4335614113977742e-5
5.504959135309333	2.4386696916669827e-5
5.531059938143725	2.4439632576163184e-5
5.558465781119839	2.4494460008281754e-5
5.587241916244761	2.4551210848378978e-5
5.6174568581259265	2.460991341145113e-5
5.649182547101148	2.4670592645157883e-5
5.682494520525134	2.4733269797965536e-5
5.717472092620319	2.4797962050898072e-5
5.754198543320266	2.4864682142111576e-5
5.792761316555204	2.493343799156712e-5
5.833252228451888	2.5004232330731845e-5
5.875767685943414	2.5077062342355678e-5
5.920408916309512	2.5151919315818888e-5
5.967282208193918	2.5228788323994255e-5
5.99189068643323	2.5268418205482013e-5
6.017729588584508	2.5309524368156675e-5
6.044860435843349	2.5352140999966267e-5
6.073347825465127	2.5396298116941556e-5
6.103259584567997	2.5442023789268395e-5
6.134666931626009	2.5489344026509794e-5
6.167644646036923	2.5538282528946027e-5
6.202271246168385	2.5588860421373462e-5
6.238629176306416	2.5641095980437323e-5
6.276805002951349	2.5695004358490982e-5
6.31688962092853	2.5750597306565898e-5
6.358978469804573	2.5807882899333727e-5
6.403171761124415	2.586686526527659e-5
6.449574717010256	2.592754432561295e-5
6.47393626885032	2.5958873691542868e-5
6.499515898282384	2.599140401829474e-5
6.526374509186059	2.6025165963394414e-5
6.5545760506349104	2.606018782513856e-5
6.58418766915621	2.609649680346927e-5
6.615279868603574	2.613411887675722e-5
6.6479266780233015	2.617307861479892e-5
6.682205827914016	2.6213398981486597e-5
6.718198935299267	2.625510113085421e-5
6.755991698053778	2.6298204197710185e-5
6.795674098946023	2.6342725084249078e-5
6.837340619882877	2.638867824430242e-5
6.881090466866571	2.643607546714724e-5
6.927027806199453	2.648492566301837e-5
6.975262012498975	2.653523465269612e-5
7.000584970806223	2.6561231369127106e-5
7.027174077028837	2.6588241124376464e-5
7.055092638562579	2.6616291081726455e-5
7.084407128173007	2.6645407004251682e-5
7.11518734226396	2.66756139778945e-5
7.147506567059461	2.6706936292800664e-5
7.181441753094733	2.6739397296360876e-5
7.2170736984317685	2.6773019239690427e-5
7.2544872410356565	2.6807823118150306e-5
7.29377146076974	2.684382850644148e-5
7.3350198914905285	2.688105338913664e-5
7.378330743747359	2.6919513987735678e-5
7.423807138617029	2.6959224585504867e-5
7.471557353230187	2.7000197351530533e-5
7.4966262159020935	2.702140097030568e-5
7.5229485217075975	2.704345343365963e-5
7.550586942803372	2.7066379467152407e-5
7.579607284953935	2.709020308692647e-5
7.610078644212033	2.7114948008601567e-5
7.642073571433032	2.714063754909428e-5
7.675668245015084	2.7167294515349733e-5
7.710942652276236	2.71949410875778e-5
7.747980779900443	2.7223598696477292e-5
7.786870813905864	2.7253287894571736e-5
7.827705349611556	2.728402822207622e-5
7.870581612102532	2.7315838067882048e-5
7.91560168771805	2.7348734526371784e-5
7.962872767114346	2.7382733250904306e-5
7.987690083797405	2.740035104425276e-5
8.013748266314611	2.741869083976469e-5
8.041109357957676	2.7437775135938646e-5
8.069838504182902	2.74576261348459e-5
8.100004107719387	2.7478265976725443e-5
8.131677991432698	2.7499716661309312e-5
8.164935569331675	2.7521999963146025e-5
8.199856026125598	2.7545137342084325e-5
8.236522505759218	2.7569149848044793e-5
8.275022309374522	2.7594058019995645e-5
8.315447103170586	2.7619881779301233e-5
8.357893136656456	2.76466403177182e-5
8.40246147181662	2.7674351980422198e-5
8.449258223734786	2.7703034144531412e-5
8.473826518491823	2.771791424128752e-5
8.49962322798671	2.7733416494870355e-5
8.526709772956345	2.774956138719868e-5
8.55515064517446	2.776636935412e-5
8.585013561003487	2.7783860921447825e-5
8.616369622623958	2.7802056642956895e-5
8.64929348732546	2.7820977035736012e-5
8.683863545262032	2.7840642511240858e-5
8.720162106095435	2.7861073301116082e-5
8.758275594970506	2.7882289377608435e-5
8.798294758289336	2.790431036858436e-5
8.840314879774098	2.792715546724805e-5
8.884436007333107	2.795084333673007e-5
8.930763191270064	2.7975392009778204e-5
8.979406734403863	2.800081878387587e-5
9.004944594549107	2.8014017360228235e-5
9.031759347701618	2.802777323852966e-5
9.059914838511753	2.8042105231869497e-5
9.089478103862394	2.8057032225214605e-5
9.120519532480564	2.807257325024435e-5
9.15311303252965	2.808874743271325e-5
9.187336207581183	2.8105573939000878e-5
9.223270541385293	2.812307191876127e-5
9.261001591879614	2.814126044282239e-5
9.30061919489865	2.8160158436154277e-5
9.342217678068634	2.8179784605877155e-5
9.385896085397123	2.8200157364340577e-5
9.431758413092028	2.82212947473559e-5
9.479913857171685	2.824321432773124e-5
9.505195465313507	2.8254603255721144e-5
9.531741153862416	2.8266480747467277e-5
9.559614126838776	2.827886399019627e-5
9.588880748463948	2.829177034914822e-5
9.61961070117038	2.8305217408457357e-5
9.651877151512132	2.8319222930564584e-5
9.685756924370974	2.833380481547722e-5
9.721330685872758	2.834898105656644e-5
9.758683135449626	2.836476969214278e-5
9.79790320750534	2.838118875260414e-5
9.839084283163846	2.839825620305235e-5
9.882324412605277	2.84159898813261e-5
9.927726548518772	2.8434407431426476e-5
9.975398791227947	2.845352623236172e-5
9.97454535392742	2.8468307561335015e-5
9.92198670634056	2.84786441241755e-5
9.894393416357454	2.8484060936354975e-5
9.865420461875196	2.8489705720335395e-5
9.834998859668822	2.8495582327437993e-5
9.803056177352136	2.8501697946740337e-5
9.76951636091961	2.850806011730008e-5
9.734299553665462	2.8514676414836803e-5
9.697321906048604	2.852155438127388e-5
9.658495376050906	2.8528701474807696e-5
9.617727519553316	2.8536125016179025e-5
9.574921270230847	2.8543832127914874e-5
9.529974708442257	2.8551829665885467e-5
9.48278081856424	2.856012414301557e-5
9.433227234192323	2.856872164527975e-5
9.381195970601812	2.8577627740429998e-5
9.353879557216791	2.858225561592202e-5
9.325197323162522	2.8587079564307077e-5
9.295080977405537	2.8592105535130975e-5
9.263458814360703	2.8597339864325438e-5
9.230255543163626	2.860278890577469e-5
9.195392108406697	2.8608458958937994e-5
9.158785501911924	2.8614356227580688e-5
9.120348565092407	2.8620486779096836e-5
9.079989781431914	2.8626856500427047e-5
9.037613058588398	2.863347104992048e-5
8.993117499602707	2.864033580493391e-5
8.946397162667727	2.864745580500621e-5
8.897340808886005	2.865483569040342e-5
8.845831637415191	2.8662479635734346e-5
8.818789322393012	2.8666451565703094e-5
8.790394891619728	2.8670591426141173e-5
8.760580739307784	2.8674904109107073e-5
8.729275879380234	2.8679394893797347e-5
8.696405776456313	2.8684069072735055e-5
8.661892168386194	2.8688931880996824e-5
8.625652879912566	2.8693988459009947e-5
8.587601627015262	2.869924381701908e-5
8.54764781147309	2.870470279642856e-5
8.505696305153805	2.8710370026941106e-5
8.461647223518556	2.8716249878932037e-5
8.415395687801546	2.8722346410526678e-5
8.36683157529869	2.872866330877177e-5
8.315839257170694	2.8735203824201676e-5
8.26229732313629	2.8741970697966534e-5
8.23418780776823	2.8745483539436485e-5
8.20467281663177	2.874914275474362e-5
8.173682075938489	2.8752952153968983e-5
8.14114179821054	2.8756915991660747e-5
8.106974506596192	2.8761038506686566e-5
8.071098850401128	2.8765323837279116e-5
8.033429411396309	2.876977597776295e-5
7.993876500441246	2.8774398737873695e-5
7.9523459439384325	2.8779195698309364e-5
7.90873885961048	2.8784170160909855e-5
7.862951421066127	2.8789325092576524e-5
7.814874610594558	2.8794663062054555e-5
7.764393959599412	2.880018616858243e-5
7.711389276054508	2.8805895961223425e-5
7.683561817193434	2.8808857266959107e-5
7.654342985389304	2.8811940788455978e-5
7.623663211994973	2.8815149245076385e-5
7.591449449930918	2.8818485876711397e-5
7.557624999763668	2.882195389176325e-5
7.522109327088051	2.8825556364553287e-5
7.484817870778651	2.8829296185016794e-5
7.445661841653779	2.883317601285881e-5
7.404548011072665	2.883719822759925e-5
7.361378488962496	2.8841364872139244e-5
7.316050490746822	2.884567758852628e-5
7.268456092620363	2.8850137544619605e-5
7.218481974587583	2.8854745350169617e-5
7.166009150653165	2.885950096051104e-5
7.110912685522024	2.8864403565667223e-5
7.081987041328173	2.886693879955754e-5
7.05161511492463	2.8869574806452125e-5
7.019724592200909	2.8872312755887084e-5
6.986239543341002	2.887515449656244e-5
6.951080242038099	2.8878101782283567e-5
6.914162975670051	2.888115612449955e-5
6.875399845983603	2.8884318719429592e-5
6.834698559812837	2.8887590382282653e-5
6.791962209333526	2.8890971475324965e-5
6.747089041330252	2.8894461825652673e-5
6.699972214926815	2.8898060630091378e-5
6.650499547203204	2.8901766344619856e-5
6.598553246093415	2.890557655520447e-5
6.544009629928134	2.890948782617946e-5
6.51537423144136	2.8911500660225976e-5
6.48530706303025	2.891358886284149e-5
6.45373653619858	2.891575177236826e-5
6.420587483025333	2.891798961111335e-5
6.385780977193418	2.8920302443993858e-5
6.349234146069911	2.892268996864086e-5
6.310859973390226	2.8925151409334128e-5
6.270567092076558	2.8927685422174485e-5
6.22825956669721	2.8930289991191e-5
6.183836665048892	2.8932962308094206e-5
6.137192618318155	2.893569863073787e-5
6.088216369250885	2.8938494115134516e-5
6.036791307730249	2.8941342614721834e-5
5.982794993133584	2.894423643879723e-5
5.926098862807088	2.89471660595536e-5
5.89633339438568	2.8948650276834412e-5
5.865079652543201	2.8950178329300273e-5
5.832263223608596	2.8951745885409678e-5
5.797805973227259	2.8953349950296343e-5
5.7616258603268555	2.8954987154918105e-5
5.723636741781428	2.8956653376561834e-5
5.683748167308735	2.8958343526379607e-5
5.641865164112403	2.8960051350041465e-5
5.597888010756256	2.8961769202495684e-5
5.551711999732305	2.8963487778618688e-5
5.503227188157158	2.8965195784201905e-5
5.452318136003251	2.8966879528934645e-5
5.398863631241646	2.8968522417229147e-5
5.342736401241961	2.8970104303775844e-5
5.313269605492126	2.8970856840826995e-5
5.282329469954803	2.8971607274398995e-5
5.2498423276406125	2.8972344912286997e-5
5.2157308282107095	2.8973061048167506e-5
5.179913753809311	2.8973746096955497e-5
5.142305825687847	2.8974388853358436e-5
5.102817501160306	2.8974976002543285e-5
5.061354760406385	2.8975491618455963e-5
5.017818882614771	2.89759165646811e-5
4.97210621093358	2.8976227739927345e-5
4.924107905668329	2.8976397103588986e-5
4.873709685139813	2.8976390394029348e-5
4.8207915535848755	2.8976165412966136e-5
4.765227515452191	2.8975669685940982e-5
4.706885275412871	2.8974837205801163e-5
4.6762555993922295	2.8974211184999244e-5
4.64409443957055	2.89734611917297e-5
4.610325221757785	2.8972550568795073e-5
4.574867543054388	2.897144510330881e-5
4.537636980415822	2.8970105378500887e-5
4.498544889645322	2.8968483720611714e-5
4.457498194336296	2.896652121990269e-5
4.41439916426182	2.8964143926471746e-5
4.3691451826836225	2.89612575805448e-5
4.321628502026513	2.8957740032556275e-5
4.2717359873365535	2.8953430033908157e-5
4.219348846912094	2.8948110226133008e-5
4.1643423494664145	2.8941480650276944e-5
4.106585527148443	2.8933116431827327e-5
4.045940863714579	2.892239860509757e-5
4.014102415411802	2.8915467404646637e-5
3.9806720446938826	2.8907397554630725e-5
3.945570155440068	2.88978285979302e-5
3.9087131717235657	2.888633169600373e-5
3.8700133388212343	2.887234574612286e-5
3.8293785142737846	2.885512085201027e-5
3.7867119484989686	2.8833650648971512e-5
3.74191205443541	2.8806593746602572e-5
3.69487216566867	2.8772194844244294e-5
3.6454802824635912	2.872822849040031e-5
3.5936188050982665	2.8671997093666673e-5
3.539164253864673	2.8600405886376962e-5
3.4819869750693933	2.8510103181919175e-5
3.421950832334355	2.8397633290435852e-5
3.3904318573984593	2.8329527352431562e-5
3.3573369337157732	2.825260932726601e-5
3.3225872638489484	2.816584849067525e-5
3.2861001104887855	2.8068156099712044e-5
3.2477885994606126	2.795836516470718e-5
3.207561512881032	2.7835219720210803e-5
3.165323071972468	2.769736534866477e-5
3.1209727090184813	2.754333970173982e-5
3.0744048279167924	2.7371562761707558e-5
3.025508552760021	2.7180326802377454e-5
2.9741674638454096	2.6967786060606998e-5
2.9202593204850658	2.6731946140247917e-5
2.863655769956708	2.64706531724587e-5
2.804222041901925	2.6181582756811075e-5
2.741816627444411	2.5862228705830357e-5
2.709053784854216	2.5687163043880158e-5
2.6746528001345116	2.5498792694169896e-5
2.638531766178822	2.529604968183568e-5
2.600604680525347	2.5077780821683346e-5
2.5607812405892005	2.484274123810367e-5
2.5189666286562407	2.4589587629679638e-5
2.475061286126632	2.4316871163238795e-5
2.428960676470542	2.4023029961518977e-5
2.380555036331655	2.3706381156955936e-5
2.3297291141858167	2.33651124797542e-5
2.276361895932686	2.2997273338174103e-5
2.2203263167669007	2.2600765332995025e-5
2.1614889586428276	2.2173332125050253e-5
2.099709732612549	2.1712548542499663e-5
2.0672756389466507	2.1465237012094807e-5
2.0332198405974644	2.1202078438053444e-5
1.9974612523308188	2.0921967505762025e-5
1.9599147346508339	2.0623717327201472e-5
1.9204908910868568	2.0306053418542456e-5
1.8790958553446746	1.996760713466494e-5
1.8356310678153864	1.960690855922243e-5
1.789993040909632	1.9222378791189973e-5
1.742073112658593	1.88123215491949e-5
1.691757187995	1.8374913995399206e-5
1.638925467098229	1.7908196657492688e-5
1.5834521601566198	1.7410062299181853e-5
1.5252051878679307	1.6878243555630843e-5
1.4640458669648027	1.6310299110088536e-5
1.4319372234906602	1.600793035350295e-5
1.3982231478428098	1.5687631052580614e-5
1.3628233684125668	1.5348238689392005e-5
1.32565360001081	1.4988507272271548e-5
1.2866253431889696	1.4607100725703981e-5
1.2456456735260346	1.4202585566466581e-5
1.202617020379959	1.3773422833525344e-5
1.1574369345765767	1.331795918447394e-5
1.1099978444830239	1.283441704993511e-5
1.0601867998847947	1.2320883717935573e-5
1.0078852030566576	1.1775299199313855e-5
0.9529685263871102	1.1195442701578572e-5
0.8953060158840831	1.0578917511480394e-5
0.865033197869991	1.0251930691980562e-5
0.8332467389552001	9.906288263657396e-6
0.7998709570946705	9.540824684995987e-6
0.7648263861411131	9.154291620733515e-6
0.7280295866398756	8.745351221347692e-6
0.689392947163574	8.312568649819657e-6
0.6488244757134609	7.85440382158112e-6
0.6062275806908435	7.369202273027904e-6
0.561500840917093	6.855185050845931e-6
0.5145377641546567	6.310437492992258e-6
0.4652265335540928	5.732896747935716e-6
0.4134497414235039	5.120337849451651e-6
0.3862669255549456	4.796155802785049e-6
0.35772496889295624	4.4538982877937165e-6
0.3277559143978692	4.092465945369717e-6
0.29628840717802696	3.710683017655237e-6
0.26324752459719214	3.3072911595186144e-6
0.2285545978873138	2.8809425675260864e-6
0.1921270248419482	2.4301923813698923e-6
0.153878073144309	1.9534902738684567e-6
0.11371667386178785	1.4491711241617883e-6
0.0715472046151433	9.154446479879175e-7
0.02726926190616652	3.5038383557866324e-7
-0.019222577938258212	2.4808797969411393e-7
-0.06803900977490507	8.822116312284486e-7
-0.09366763648914755	1.2174766022229683e-6
-0.12057769453909906	1.5712585877961454e-6
-0.14883325549154947	1.944672649235474e-6
-0.17850159449162462	2.3389108998640985e-6
-0.20965335044169642	2.7552489272834715e-6
-0.24236269418927314	3.195052882167336e-6
-0.27670750512423403	3.659787319373602e-6
-0.31276955660594297	4.1510238893164535e-6
-0.3506347106617369	4.670450992197008e-6
-0.39039312242032054	5.219884524350796e-6
-0.43213945476683335	5.801279864701449e-6
-0.4759731037306647	6.416745270088102e-6
-0.4989857694366773	6.7418652399749675e-6
-0.5231490684279905	7.084778509224524e-6
-0.5485205323688724	7.446543278856291e-6
-0.5751605695067941	7.828289654743782e-6
-0.6031326085016175	8.231225654093406e-6
-0.6325032494461791	8.656643738979567e-6
-0.6633424224379691	9.105927995024471e-6
-0.6957235540793505	9.580562044565113e-6
-0.7297237423027969	1.0082137785447896e-5
-0.7654239399374152	1.0612365054565992e-5
-0.8029091474537697	1.1173082325327588e-5
-0.8422686153459402	1.1766268559237415e-5
-0.8835960566327206	1.2394056343079294e-5
-0.9269898699838386	1.3058746454217437e-5
-0.9497716219931718	1.340985427975494e-5
-0.9736924616029707	1.3780215996952898e-5
-0.9988093431932654	1.4170981959118534e-5
-1.0251820688630708	1.4583380852234941e-5
-1.0528734308163656	1.5018726349767622e-5
-1.081949360867327	1.5478424209405064e-5
-1.112479087420839	1.596398000610283e-5
-1.1445353003020209	1.6477007598551594e-5
-1.1781943238272685	1.7019238412429902e-5
-1.2135362985287745	1.7592531624183664e-5
-1.2506453719653532	1.8198885332595275e-5
-1.289609899073767	1.884044880924162e-5
-1.3305226525375957	1.9519535921914062e-5
-1.3520018481061058	1.9878126816145518e-5
-1.3745550034530396	2.0256319736960782e-5
-1.3982358165673237	2.065527694973296e-5
-1.423100670337325	2.1076238206060172e-5
-1.449208766795822	2.1520527188274437e-5
-1.4766222680772412	2.198955823404715e-5
-1.5054064444227322	2.2484843590175704e-5
-1.5356298295855009	2.3008001286235533e-5
-1.5673643840064067	2.3560763693039605e-5
-1.6006856661483582	2.4144986825758006e-5
-1.6356730123974117	2.4762660450630723e-5
-1.6724097259589144	2.5415919053566754e-5
-1.7109832751984921	2.610705372717658e-5
-1.7514855019000475	2.6838525028991226e-5
-1.7727491709183685	2.7224700650511685e-5
-1.7950760233876029	2.763195003345196e-5
-1.818519218480299	2.80615145296203e-5
-1.8431345733276316	2.8514716391927078e-5
-1.868980695917326	2.899296536564942e-5
-1.8961191246365061	2.949776537709902e-5
-1.924614474791646	3.003072166477817e-5
-1.9545345924545465	3.059354844427606e-5
-1.985950716000593	3.1188077156524524e-5
-2.0189376457239394	3.181626533764812e-5
-2.053573921933447	3.2480206142647054e-5
-2.089942011953436	3.318213854916683e-5
-2.128128506474427	3.392445825968248e-5
-2.168224325721466	3.470972930941235e-5
-2.2103249359308563	3.5540696371945204e-5
-2.2324277562907824	3.5979308749991884e-5
-2.2556357176687047	3.6441798926863704e-5
-2.2800040771155228	3.692956068582186e-5
-2.305590854534687	3.744407580101243e-5
-2.3324569708248077	3.798692104098264e-5
-2.3606663929294314	3.8559774956037047e-5
-2.3902862861392915	3.916442498048216e-5
-2.4213871740096415	3.9802774944794305e-5
-2.4540431062735113	4.047685302269842e-5
-2.4883318351505768	4.1188820114980754e-5
-2.5243350004714937	4.1940978655645524e-5
-2.562138324058454	4.273578180837713e-5
-2.6018318138247665	4.357584299899292e-5
-2.643509978079388	4.446394570046741e-5
-2.6653910143130677	4.493237883121223e-5
-2.688366102358426	4.5426040475298496e-5
-2.7124899448060535	4.594636940852863e-5
-2.7378199793760682	4.6494890343826774e-5
-2.7644165156745792	4.707322051452852e-5
-2.7923428787880145	4.7683075622315136e-5
-2.821665560057127	4.832627587778639e-5
-2.8524543753896925	4.9004752222242313e-5
-2.884782631488889	4.972055271815979e-5
-2.9187273003930425	5.047584905835458e-5
-2.954369202742404	5.127294311382818e-5
-2.991793200209232	5.2114273406108066e-5
-3.031088397549402	5.300242134647877e-5
-3.0723483547565777	5.3940117027778597e-5
-3.1156713098241173	5.4930244279342554e-5
-3.16116041264503	5.597584459548842e-5
-3.1850421916260085	5.652688629795411e-5
-3.2101180595560397	5.710721137584681e-5
-3.2364477208825715	5.771843344118203e-5
-3.2640938652754237	5.8362251889784585e-5
-3.2931223168879242	5.9040457888270774e-5
-3.3236021910810454	5.975493840412614e-5
-3.355606058983822	6.050767960287802e-5
-3.3892101202817404	6.130076964353037e-5
-3.424494384644552	6.213640068279326e-5
-3.4615428622255084	6.301686978708557e-5
-3.50044376368551	6.394457833841128e-5
-3.541289710218516	6.492202937811203e-5
-3.5841779540781715	6.595182214304412e-5
-3.6292106101308086	6.703664279053763e-5
-3.65285275455844	6.760732541948763e-5
-3.6776770062074604	6.82074594748353e-5
-3.703742470438929	6.883855536942328e-5
-3.7311112078819697	6.950218356438257e-5
-3.759848382197166	7.019997734482151e-5
-3.7900224152281226	7.093363141891182e-5
-3.821705149910626	7.170489839199998e-5
-3.8549720213272476	7.251558294281432e-5
-3.889902236314704	7.336753308620081e-5
-3.9265789620515346	7.42626276178321e-5
-3.965089524075207	7.52027585030045e-5
-4.005525614200058	7.61898065273569e-5
-4.047983508831159	7.722560791159985e-5
-4.09256429819381	7.831190872403328e-5
-4.115969212609203	7.888142509084633e-5
-4.140544372745367	7.947866478708416e-5
-4.166348290888333	8.010480388188444e-5
-4.19344240493845	8.076100991151229e-5
-4.221891224691072	8.144843483074015e-5
-4.251762485431332	8.216819763161258e-5
-4.283127309208599	8.292135999912922e-5
-4.3160603741747305	8.370889389413367e-5
-4.350640092389169	8.453163879474222e-5
-4.386948796514325	8.539024537732877e-5
-4.425072935845744	8.628510126546851e-5
-4.46510328214373	8.72162329776722e-5
-4.507135145756616	8.818317628199713e-5
-4.529201874153381	8.86860839532612e-5
-4.5523719389699835	8.921003298864167e-5
-4.576700507027418	8.97553438231783e-5
-4.602245503487721	9.032217254984618e-5
-4.629067749771041	9.091048262988173e-5
-4.657231108368531	9.151999507622898e-5
-4.686802634895892	9.21501244359756e-5
-4.717852737749624	9.279990038451424e-5
-4.750455345746039	9.346787447859883e-5
-4.7846880841422745	9.415201340497677e-5
-4.820632459458327	9.484958418014993e-5
-4.85837405354018	9.555704434452949e-5
-4.878188390433156	9.591774027283984e-5
-4.898993444170774	9.628774707865311e-5
-4.92083875059528	9.666634249058948e-5
-4.943776322341007	9.705258503711671e-5
-4.967860772674024	9.744532912912707e-5
-4.993149445523688	9.784323193195773e-5
-5.0197025520158345	9.824477022413111e-5
-5.047583313832593	9.864827267135097e-5
-5.076858113740181	9.905196955238054e-5
-5.107596653643149	9.94540584523311e-5
-5.139872120541273	9.985278018769428e-5
-5.173761360784299	0.00010024649523926973
-5.209345063039477	0.0001006337489154821
-5.246707950407412	0.00010101331473584073
-5.2859389821437475	0.00010138421015082096
-5.306535273805322	0.000101567456311127
-5.328161380049972	0.0001017526192604477
-5.350868791606862	0.00010193939362082376
-5.374711573741591	0.00010212749902595678
-5.399746494983058	0.00010231665628989767
-5.426033162286599	0.00010250658194683858
-5.453634162955314	0.00010269698604256412
-5.482615213657471	0.0001028875703689572
-5.513045316894729	0.00010307802641386706
-5.544996925293857	0.00010326803275504632
-5.578546114112939	0.00010345725172527173
-5.613772762372973	0.00010364532516251352
-5.6507607430460105	0.00010383186899071453
-5.689598122752697	0.00010401646626203562
-5.730377371444719	0.0001041986581197899
-5.77319558257134	0.00010437793188641777
-5.818154704254299	0.0001045537050942731
-5.865361782021399	0.00010472530367313015
-5.890145497849124	0.00010480775901946235
-5.916168399468242	0.00010489125459359437
-5.94349244616831	0.00010497528755227353
-5.972182695203383	0.000105059482456157
-6.002307456690215	0.00010514344527774516
-6.033938456251384	0.00010522672643709323
-6.06715100579061	0.00010530879717118134
-6.102024182806794	0.00010538902401315905
-6.138641018673798	0.00010546663559139643
-6.177088696334145	0.00010554067653055316
-6.217458757877516	0.000105609941262981
-6.259847322498047	0.00010567287653239871
-6.304355315349611	0.00010572743442880155
-6.351088707843751	0.0001057708462443991
-6.37562373890318	0.00010578129221924986
-6.401385521515579	0.0001057882333789597
-6.428435393258596	0.00010578985985457156
-6.456837758588758	0.00010578436635522907
-6.48666024218543	0.00010576957108440132
-6.51797384996194	0.00010574271610438075
-6.550853138127273	0.00010570026895467856
-6.585376390700873	0.00010563770524481416
-6.621625805903157	0.0001055492907598919
-6.65968769186555	0.00010542791331377173
-6.699652672126064	0.00010526504053613847
-6.720634286762834	0.00010515058032520423
-6.742664982131437	0.00010501912693349314
-6.765797212268474	0.00010486759471563634
-6.790086053912361	0.00010469290779544542
-6.81558933763845	0.00010449182934243789
-6.842367785550838	0.00010426092849341324
-6.8704851558588516	0.00010399657558428034
-6.90000839468226	0.0001036949458247469
-6.931007795446842	0.00010335202579132767
-6.96355716624965	0.00010296362147055333
-6.997734005592598	0.00010252536864459079
-7.033619686902696	0.00010203274757477769
-7.071299652278292	0.0001014811045730229
-7.110863615922671	0.00010086568332752818
-7.152405777749273	0.00010018166888583909
-7.196025047667199	9.942424706341096e-5
-7.241825281081027	9.858868175125027e-5
-7.289915526165551	9.767041211009521e-5
-7.340410283504291	9.666517088227342e-5
-7.393429778709972	9.556912395384437e-5
-7.449100248675933	9.437902978803643e-5
-7.507554242140195	9.309241539659553e-5
-7.538242588708933	9.235330186599134e-5
-7.5704653526061065	9.157556950549276e-5
-7.604299254698141	9.07571703608666e-5
-7.6398248518947725	8.989617020912103e-5
-7.67712672895124	8.899077777448169e-5
-7.7162936998605325	8.803938483519178e-5
-7.757419019315286	8.704061091015025e-5
-7.800600604742776	8.599335104745833e-5
-7.845941269441646	8.489682558022661e-5
-7.893548967375459	8.375063064297549e-5
-7.943537050205958	8.25547879262427e-5
-7.996024537177988	8.130979193442552e-5
-8.051136398498613	8.00166526220751e-5
-8.109003852885273	7.867693135525726e-5
-8.169764679991268	7.729276760429819e-5
-8.20166411422192	7.652946615185895e-5
-8.235158520164099	7.574237061999999e-5
-8.270327646403388	7.493112348078725e-5
-8.307255228954638	7.409548635140682e-5
-8.346029190633459	7.32353547495774e-5
-8.386741850396213	7.235077401285837e-5
-8.429490143147103	7.144195453021859e-5
-8.474375850535544	7.050928573716207e-5
-8.521505843293404	6.955334949710274e-5
-8.570992335689162	6.857493063317934e-5
-8.622953152704696	6.75750257460491e-5
-8.677512010571018	6.655484974454949e-5
-8.734798811330649	6.551583770541483e-5
-8.794949952128263	6.445964590848496e-5
-8.858108649965757	6.338814610839189e-5
-8.891266966330448	6.280628394335514e-5
-8.926083198513368	6.221095206056475e-5
-8.962640242305433	6.160222001979246e-5
-9.001025138287098	6.098022014366923e-5
-9.041329279067849	6.034515420287025e-5
-9.083648626887637	5.969729906716008e-5
-9.128083942098417	5.903701090531029e-5
-9.174741023069739	5.8364731141147665e-5
-9.223730958089618	5.768099268297933e-5
-9.275170389860499	5.698642109751365e-5
-9.329181793219917	5.628173611879997e-5
-9.385893766747309	5.5567758022665984e-5
-9.44544133895107	5.4845405942503564e-5
-9.507966289765022	5.411569243654138e-5
-9.540791888942344	5.372120302430588e-5
-9.575258768078534	5.3317941825535805e-5
-9.611448991171532	5.290598754907005e-5
-9.649448725419177	5.248545054643605e-5
-9.689348446379213	5.20564764867682e-5
-9.731243153387243	5.16192516809318e-5
-9.775232595745678	5.117400668385231e-5
-9.82142151022203	5.0721015855403177e-5
-9.869919870422208	5.026059714640936e-5
-9.920843148632397	4.9793118486487205e-5
-9.974312590753094	4.9319006208233004e-5
-9.969544495020175	4.835361725773501e-5
-9.94006946505114	4.7634007590955145e-5
-9.909120683583659	4.689810822473219e-5
-9.8766244630428	4.6146175834461156e-5
-9.842503431474903	4.537851796950944e-5
-9.806676348328605	4.45954933796865e-5
-9.769057911024994	4.379751210464477e-5
-9.729558551856208	4.298503418770201e-5
-9.688084224728977	4.2158567623402056e-5
-9.644536181245389	4.131866710842043e-5
-9.59881073558762	4.046593483665609e-5
-9.550799017646963	3.960102271917653e-5
-9.50038671380927	3.872463323848913e-5
-9.447453794779692	3.783751589506672e-5
-9.391874229798631	3.694045909554168e-5
-9.362694958183573	3.647569939555174e-5
-9.332056722987767	3.599803275585253e-5
-9.29988657603217	3.550744943618826e-5
-9.266107921728794	3.500396670233496e-5
-9.230640334710252	3.448763075852117e-5
-9.193399368340778	3.3958518698534607e-5
-9.154296353652827	3.341674019269126e-5
-9.11323818823048	3.286243857545713e-5
-9.070127114537021	3.2295791087054176e-5
-9.024860487158888	3.171700827398622e-5
-8.977330528411844	3.112633290604989e-5
-8.927424071727446	3.0524039064443996e-5
-8.875022292208827	2.9910432096166034e-5
-8.820000423714278	2.9285849778019367e-5
-8.791113942754638	2.8962091645381186e-5
-8.760783137747019	2.862802410445842e-5
-8.728935792489017	2.8283532671863893e-5
-8.695496079968121	2.79285187757153e-5
-8.660384381821178	2.756290107435285e-5
-8.623517098766884	2.7186616671939204e-5
-8.584806451559883	2.6799622185212905e-5
-8.544160271992531	2.6401894633125367e-5
-8.501481783446811	2.5993432153305088e-5
-8.456669370473806	2.5574254590207266e-5
-8.409616336852146	2.5144404038981924e-5
-8.360210651549407	2.4703945452055415e-5
-8.308334681981524	2.4252967407368322e-5
-8.25386491393525	2.379158308905143e-5
-8.196671657486663	2.331993144598405e-5
-8.166645197851157	2.3075454179896043e-5
-8.135117415233877	2.2822549105799387e-5
-8.10201324348573	2.2561071162015655e-5
-8.067253863150174	2.229088456644383e-5
-8.030756513797845	2.201186387213901e-5
-7.992434296977899	2.1723895027526914e-5
-7.952195969316955	2.1426876426398186e-5
-7.909945725272962	2.1120719931461862e-5
-7.86558296902677	2.0805351856737585e-5
-7.819002074968262	2.0480713897800952e-5
-7.770092136206834	2.0146764004581537e-5
-7.718736700507334	1.980347719829329e-5
-7.664813493022855	1.945084634081789e-5
-7.608194125164154	1.9088882869745438e-5
-7.578468957038336	1.8901150507860665e-5
-7.547257530506224	1.8706483462638735e-5
-7.514485532647512	1.8504724954870885e-5
-7.480074934895864	1.8295722799122282e-5
-7.443943807256632	1.8079330188955056e-5
-7.406006123235436	1.7855406517330365e-5
-7.366171555013183	1.7623818230820874e-5
-7.324345258379816	1.7384439714760122e-5
-7.280427646914784	1.7137154205377246e-5
-7.234314154876502	1.6881854723796348e-5
-7.185894988236301	1.66184450255355e-5
-7.13505486326409	1.6346840557906362e-5
-7.0816727320432715	1.6066969416631863e-5
-7.0256214942614115	1.5778773292216773e-5
-6.996194594425935	1.5629198750828308e-5
-6.965296349598686	1.5473816798792633e-5
-6.932853192530075	1.5312473071484457e-5
-6.898787877608035	1.5145015152524424e-5
-6.863019296939887	1.4971293186720178e-5
-6.825462287238331	1.4791160529158154e-5
-6.7860274270517	1.4604474429931863e-5
-6.74462082385574	1.4411096753206527e-5
-6.701143890499974	1.421089472892911e-5
-6.655493110476423	1.4003741735156175e-5
-6.607559791451694	1.3789518108685777e-5
-6.557229806475728	1.3568111981444252e-5
-6.504383322250966	1.3339420139925416e-5
-6.448894513814967	1.310334890490755e-5
-6.419762889386069	1.2980740507233304e-5
-6.389174683735721	1.285319644174023e-5
-6.357057067802856	1.2720570803595266e-5
-6.3233335710733485	1.25827179936466e-5
-6.287923899507364	1.2439493192215368e-5
-6.250743744363083	1.2290752870041421e-5
-6.211704581461586	1.2136355337368005e-5
-6.170713460415014	1.197616133172223e-5
-6.127672783316118	1.1810034644769996e-5
-6.082480072362273	1.1637842788475932e-5
-6.03502772586074	1.1459457700675783e-5
-5.9852027620341275	1.127475649008628e-5
-5.932886550016185	1.1083622220743342e-5
-5.877954527397344	1.0885944735906503e-5
-5.849115215522458	1.07832021028883e-5
-5.8188339380538245	1.0676210912659429e-5
-5.78703859671176	1.0564836012199102e-5
-5.753653488302595	1.0448941605272124e-5
-5.718599124472963	1.0328391627853468e-5
-5.68179204245185	1.0203050160166333e-5
-5.643144606329686	1.007278187722468e-5
-5.602564798401417	9.937452539602291e-6
-5.559956000076731	9.796929526147927e-6
-5.515216761835813	9.651082410401878e-6
-5.468240561682842	9.499783582543727e-6
-5.418915551522225	9.342908918822607e-6
-5.36712429085358	9.18033850061461e-6
-5.312743467151497	9.01195738553376e-6
-5.284193534707908	8.924380161639877e-6
-5.25421610564214	8.833109150294536e-6
-5.22273980512308	8.738020738966027e-6
-5.189689689578065	8.638990174329197e-6
-5.154987068255803	8.535891870242722e-6
-5.1185493158674245	8.428599751579064e-6
-5.080289675859628	8.316987636494353e-6
-5.040117053851443	8.200929659766569e-6
-4.99793580074285	8.080300739996639e-6
-4.95364548497883	7.954977093689585e-6
-4.907140653426607	7.824836799513804e-6
-4.858310580296772	7.689760416394639e-6
-4.807039003510445	7.549631659557844e-6
-4.7532038478848015	7.404338139235921e-6
-4.724940391181338	7.32872186993567e-6
-4.695263761642705	7.249871161453828e-6
-4.664103300627138	7.167674081203081e-6
-4.631384816560793	7.082017366945029e-6
-4.597030408291127	6.992786693147836e-6
-4.560958279607981	6.899866973141677e-6
-4.523082544490675	6.80314270033153e-6
-4.483313022617503	6.7024983319572884e-6
-4.441555024650672	6.597818719243071e-6
-4.397709126785498	6.488989588212626e-6
-4.351670934027068	6.375898075969197e-6
-4.303330831630721	6.258433327881375e-6
-4.252573724114557	6.136487161906753e-6
-4.199278761222578	6.009954807261396e-6
-4.143319050186003	5.878735725856878e-6
-4.113940201891806	5.8104362397733234e-6
-4.083092411182898	5.739210495299245e-6
-4.050702230938539	5.664957524104867e-6
-4.016692541681968	5.587575329784275e-6
-3.9809823679625644	5.506961173198239e-6
-3.9434866855571915	5.423011899049604e-6
-3.9041162190315504	5.335624308218999e-6
-3.862777229179626	5.2446955808985304e-6
-3.8193712898351073	5.150123756224197e-6
-3.7737950535233633	5.051808274903289e-6
-3.7259400053960334	4.9496505922964375e-6
-3.675692204862333	4.843554870587091e-6
-3.622932014301945	4.733428760111982e-6
-3.5675338142135438	4.619184281714292e-6
-3.5384497591671327	4.559702866288325e-6
-3.5079115013683992	4.497663766526234e-6
-3.475846330679726	4.432978671338078e-6
-3.4421779014566223	4.365558515924866e-6
-3.4068260507723647	4.295313776256325e-6
-3.3697066075538906	4.222154809186457e-6
-3.3307311921744986	4.145992243965251e-6
-3.2898070060261375	4.066737431719604e-6
-3.2468366105703517	3.984302960489549e-6
-3.201717695341779	3.898603244638934e-6
-3.154342834351782	3.809555198959873e-6
-3.1045992303122816	3.7170790096370966e-6
-3.052368446070801	3.621099016511355e-6
-2.9975261226172556	3.5215447238981016e-6
-2.9687339028041393	3.469715403121374e-6
-2.9385020720003663	3.4156648344395537e-6
-2.906758649656407	3.3593181029546353e-6
-2.873428056195255	3.3006000559537063e-6
-2.8384309330610424	3.239435637604505e-6
-2.8016839537701177	3.175750277634542e-6
-2.7630996255146467	3.1094703416409968e-6
-2.722586080846403	3.0405236519148234e-6
-2.680046858944749	2.968840089175177e-6
-2.6353806759480136	2.8943522874553416e-6
-2.5884811838014343	2.8169964366393096e-6
-2.539236717047526	2.7367132099383193e-6
-2.4875300269559286	2.6534488370671306e-6
-2.4332380023597455	2.5671563482296156e-6
-2.404734689446748	2.52226010761589e-6
-2.374806210888103	2.4754651849809287e-6
-2.343381308401531	2.426711559739082e-6
-2.310385160790629	2.375939790889373e-6
-2.2757392057991765	2.3230914334356595e-6
-2.2393609530581493	2.268109523142902e-6
-2.2011637876800716	2.2109391402912446e-6
-2.1610567640330913	2.1515280650276697e-6
-2.118944389203765	2.089827539302269e-6
-2.0747263956329753	2.0257931533154336e-6
-2.0282975023836425	1.9593858780548526e-6
-1.9795471644718443	1.8905732700581047e-6
-1.928359309664458	1.819330880268386e-6
-1.8746120621166984	1.745643906115634e-6
-1.8463947571541262	1.7073686593451404e-6
-1.8167665869434213	1.6675238540474705e-6
-1.7856570082221879	1.626067146654195e-6
-1.7529919505648905	1.58295803060116e-6
-1.7186936400247266	1.5381584004837257e-6
-1.6826804139575557	1.4916332102519737e-6
-1.6448665265870233	1.443351241496334e-6
-1.605161944847966	1.3932860010953014e-6
-1.563472134021957	1.3414167715093327e-6
-1.5196978326546429	1.2877298420209594e-6
-1.47373481621897	1.2322199555348447e-6
-1.4254736489615105	1.1748920135554771e-6
-1.374799423341173	1.1157630921677893e-6
-1.3215914864398215	1.0548648349618097e-6
-1.2936573195666146	1.0233470567644464e-6
-1.2643264443497415	9.90623446401513e-7
-1.2335290253720288	9.56674535884356e-7
-1.2011917354454305	9.214847041383169e-7
-1.1672375810225066	8.850430091245619e-7
-1.1315857188784317	8.473441621843166e-7
-1.0941512636271522	8.0838967094564e-7
-1.054845085613314	7.681891828144198e-7
-1.0135735986987804	7.267620681471792e-7
-0.970238537438517	6.841392910233625e-7
-0.924736723115247	6.40365626507831e-7
-0.8769598180758109	5.95502296851196e-7
-0.8267940677843999	5.496301155597763e-7
-0.7741200299784179	5.028532476307067e-7
-0.7188122902821359	4.553037152866609e-7
-0.6897757269415905	4.309723457350063e-7
-0.6592873354340156	4.05921439589768e-7
-0.6272745243510602	3.8017380878364385e-7
-0.5936610727139602	3.537610090682566e-7
-0.5583669484950082	3.267248648861282e-7
-0.5213081180651091	2.9911922437454266e-7
-0.4823963461137115	2.710119568689339e-7
-0.44153898556474225	2.4248717642261033e-7
-0.39863875698832985	2.1364760198506386e-7
-0.3535935169830928	1.846167825809369e-7
-0.30629601497759396	1.5554044411493766e-7
-0.2566336378718237	1.2658492385155894e-7
-0.2044881419107636	9.792693246478571e-8
-0.17711175653120748	8.358254891078084e-8
-0.14836655188267045	6.902731540022056e-8
-0.1181840870017048	5.426836705246509e-8
-0.08649249887669797	3.928286808590735e-8
-0.05321633134543369	2.3991214082121153e-8
-0.01827635543761197	8.22158641811165e-9
0.0	7.754782254489061e-16
