             NaN
   1.8330984e-06
   4.0053274e-06
   4.9857427e-06
   5.4367661e-06
   5.6544696e-06
   5.7693889e-06
   5.8390496e-06
   5.8887956e-06
   5.9299914e-06
   5.9674855e-06
   6.0035601e-06
   6.0396130e-06
   6.0745489e-06
   6.1107720e-06
   6.1460421e-06
   6.1817454e-06
   6.2170514e-06
   6.2531661e-06
   6.2891576e-06
   6.3207618e-06
   6.3553797e-06
   6.4061414e-06
   6.4198852e-06
   6.3775149e-06
   6.5112145e-06
   6.6044881e-06
   6.4360760e-06
   6.4501008e-06
   6.5084577e-06
   6.5448454e-06
   6.6514515e-06
   6.1731987e-06
   6.6063496e-06
   6.3196731e-06
   6.0299517e-06
   6.4496938e-06
   5.8072482e-06
   5.8308129e-06
   4.9330652e-06
   4.7635541e-06
   5.1669872e-06
   5.6175069e-06
   4.7533726e-06
   4.0878130e-06
   3.3924380e-06
   2.3990775e-06
   1.1886765e-06
   1.9158386e-07
  -3.2414192e-06
  -4.2981837e-06
  -9.2740228e-06
  -1.3220032e-05
  -1.6000032e-05
  -2.1269113e-05
  -1.1292038e-05
  -1.0802526e-05
  -9.7206302e-06
  -4.1542968e-05
  -5.3082031e-05
  -6.0792993e-05
  -7.5891878e-05
  -1.0025802e-04
  -1.2652541e-04
  -1.5557533e-04
  -1.9070823e-04
  -2.4185059e-04
  -3.0599353e-04
  -3.9787752e-04
  -4.3890443e-04
  -6.2268354e-04
  -7.8149302e-04
  -9.9069810e-04
  -1.2970412e-03
  -1.7005112e-03
  -2.2587572e-03
  -3.0806527e-03
  -3.9710217e-03
  -5.0441399e-03
  -7.8336511e-03
  -9.8100009e-03
  -1.4126532e-02
  -2.0621356e-02
  -2.9080040e-02
  -4.1242374e-02
  -5.9038386e-02
  -8.5939901e-02
  -1.2431506e-01
  -1.7399106e-01
  -2.5383221e-01
  -3.7055042e-01
  -5.4329765e-01
  -8.0355071e-01
  -1.2002813e+00
  -1.7365719e+00
  -2.5784555e+00
  -3.8382794e+00
  -5.7265085e+00
  -8.5582072e+00
  -1.2794298e+01
  -1.9115465e+01
