             NaN
   2.2943659e-06
   5.6072688e-06
   7.9481686e-06
   9.5976887e-06
   1.0765480e-05
   1.1601086e-05
   1.2204949e-05
   1.2646294e-05
   1.2980515e-05
   1.3237649e-05
   1.3438652e-05
   1.3609456e-05
   1.3753855e-05
   1.3882378e-05
   1.3995043e-05
   1.4107596e-05
   1.4202280e-05
   1.4325695e-05
   1.4371599e-05
   1.4574287e-05
   1.4436428e-05
   1.4918932e-05
   1.4173802e-05
   1.5482870e-05
   1.2987911e-05
   1.5623548e-05
   1.6273627e-05
   1.4792766e-05
   1.3171835e-05
   1.8139982e-05
   1.2000439e-05
   1.6143990e-05
   1.5101678e-05
   1.4311920e-05
   1.8188987e-05
   5.0286688e-06
   1.6006936e-05
   1.9824869e-05
   4.3060746e-06
   1.2265250e-05
   2.3852694e-05
  -3.4011642e-06
   7.1089312e-06
   2.0945482e-05
   2.0600981e-05
   1.9608808e-05
   1.3311293e-05
   1.4444899e-05
   1.5126770e-05
   1.1682585e-05
   1.2341863e-05
   1.2610576e-05
   1.3417793e-06
   2.8493219e-06
  -2.7868743e-05
  -3.0683530e-05
   1.6130419e-05
  -2.0035785e-06
  -8.5217659e-06
  -1.6388449e-05
  -2.5490166e-05
  -3.7274201e-05
  -5.1856211e-05
  -7.2788978e-05
  -9.7565181e-05
  -1.3060672e-04
  -1.7365881e-04
  -2.3203506e-04
  -3.1184813e-04
  -4.2036634e-04
  -5.7027785e-04
  -7.7500003e-04
  -1.0569146e-03
  -1.4468588e-03
  -1.9985876e-03
  -2.7699858e-03
  -3.6060645e-03
  -4.8498007e-03
  -8.0340165e-03
  -1.1122880e-02
  -1.5687348e-02
  -2.2373987e-02
  -3.2469009e-02
  -4.7684381e-02
  -6.9439946e-02
  -1.0148391e-01
  -1.4885310e-01
  -2.1910336e-01
  -3.2319489e-01
  -4.7847768e-01
  -7.1021165e-01
  -1.0566608e+00
  -1.5753604e+00
  -2.3525868e+00
  -3.5177648e+00
  -5.2633058e+00
  -7.8771627e+00
  -1.1766585e+01
  -1.7530231e+01
  -2.5991486e+01
