             NaN
   1.8324963e-06
   4.0073224e-06
   4.9927978e-06
   5.4478944e-06
   5.6681941e-06
   5.7845613e-06
   5.8549125e-06
   5.9050149e-06
   5.9461903e-06
   5.9835881e-06
   6.0194770e-06
   6.0547108e-06
   6.0899234e-06
   6.1251517e-06
   6.1599504e-06
   6.1952493e-06
   6.2298801e-06
   6.2643535e-06
   6.2977964e-06
   6.3306745e-06
   6.3625474e-06
   6.3858964e-06
   6.4210228e-06
   6.4405412e-06
   6.4843576e-06
   6.4923494e-06
   6.4563093e-06
   6.6044418e-06
   6.5580897e-06
   6.4608711e-06
   6.3572174e-06
   6.7473019e-06
   6.9552408e-06
   6.2965087e-06
   5.2491541e-06
   6.1867919e-06
   6.0622530e-06
   5.9056725e-06
   5.6727489e-06
   5.4137411e-06
   4.9870061e-06
   4.6515343e-06
   4.0343121e-06
   3.1196328e-06
   2.0280125e-06
   6.7215648e-07
  -1.2015140e-06
  -3.2617097e-06
  -6.9655398e-06
  -1.0326185e-05
  -8.4451687e-06
  -1.9449964e-05
  -4.9581111e-06
  -3.8828682e-06
  -3.3649342e-05
  -3.3932062e-05
  -3.5708537e-05
  -4.3971884e-05
  -5.8044539e-05
  -7.1895238e-05
  -8.6864343e-05
  -1.0794219e-04
  -1.2859432e-04
  -1.6579930e-04
  -1.9164808e-04
  -2.5980013e-04
  -3.5451239e-04
  -3.9051440e-04
  -5.0240151e-04
  -6.3154003e-04
  -7.9965714e-04
  -1.0351314e-03
  -1.3294776e-03
  -1.7209446e-03
  -2.1851651e-03
  -3.1534486e-03
  -4.0366809e-03
  -5.5603397e-03
  -7.5748321e-03
  -1.0339165e-02
  -1.6925924e-02
  -2.0590355e-02
  -2.9269285e-02
  -4.2127758e-02
  -6.1997429e-02
  -8.4406815e-02
  -1.2106702e-01
  -1.7467101e-01
  -2.5293765e-01
  -3.6442756e-01
  -5.3072809e-01
  -7.9525860e-01
  -1.1726084e+00
  -1.7337781e+00
  -2.5709318e+00
  -3.8178385e+00
  -5.6877034e+00
  -8.5138697e+00
  -1.2726507e+01
  -1.9015486e+01
