             NaN
   1.5678821e-06
   3.4937157e-06
   4.1842627e-06
   4.4404717e-06
   4.5516488e-06
   4.6155359e-06
   4.6575944e-06
   4.6946378e-06
   4.7414166e-06
   4.7590567e-06
   4.8079577e-06
   4.8181543e-06
   4.8595936e-06
   4.9175566e-06
   4.9095819e-06
   4.9824301e-06
   5.0755603e-06
   5.0943123e-06
   5.0733270e-06
   5.0941854e-06
   5.1634446e-06
   5.1949980e-06
   5.2281780e-06
   5.2641627e-06
   5.2132445e-06
   5.5361465e-06
   5.3948824e-06
   5.3024556e-06
   5.2618844e-06
   5.6387000e-06
   5.5274443e-06
   5.3954956e-06
   5.1956307e-06
   5.3934271e-06
   5.7562220e-06
   3.6254826e-06
   5.2134844e-06
   4.9077089e-06
   5.2893565e-06
   4.6461408e-06
   3.7140584e-06
   4.1909770e-06
   3.8679505e-06
   2.8872527e-06
   1.4527218e-06
   1.8577054e-06
   1.8330775e-06
   1.2568222e-06
   7.7028844e-07
   2.7160614e-07
   2.1568201e-09
  -2.6090242e-06
  -5.5383487e-06
  -1.1747672e-05
  -7.5766110e-06
  -1.1637818e-05
  -1.4802987e-05
  -8.7264609e-06
  -2.4063764e-05
  -2.9094909e-05
  -3.3617093e-05
  -4.6577717e-05
  -5.7569384e-05
  -7.2704320e-05
  -9.3306925e-05
  -1.1690114e-04
  -1.5168223e-04
  -1.9695369e-04
  -2.5883215e-04
  -3.4026684e-04
  -4.5347886e-04
  -6.0956775e-04
  -8.3057816e-04
  -1.1330286e-03
  -1.5636815e-03
  -2.1744437e-03
  -3.0433256e-03
  -4.2954125e-03
  -6.0956589e-03
  -8.7005995e-03
  -1.2487630e-02
  -1.8005126e-02
  -2.6079816e-02
  -3.7931933e-02
  -5.5378016e-02
  -8.1133712e-02
  -1.1925388e-01
  -1.7581576e-01
  -2.5994293e-01
  -3.8535610e-01
  -5.7272236e-01
  -8.5321998e-01
  -1.2739339e+00
  -1.9059981e+00
  -2.8568367e+00
  -4.2883815e+00
  -6.4437780e+00
  -9.6855660e+00
  -1.4548110e+01
  -2.1804869e+01
