             NaN
   1.8328141e-06
   4.0067153e-06
   4.9902706e-06
   5.4437902e-06
   5.6630755e-06
   5.7788596e-06
   5.8489665e-06
   5.8988627e-06
   5.9401079e-06
   5.9775548e-06
   6.0134789e-06
   6.0489225e-06
   6.0840501e-06
   6.1194107e-06
   6.1545313e-06
   6.1900943e-06
   6.2253990e-06
   6.2583228e-06
   6.2947649e-06
   6.3267484e-06
   6.3551292e-06
   6.3943175e-06
   6.4006014e-06
   6.4418656e-06
   6.4826488e-06
   6.5226701e-06
   6.4523681e-06
   6.5931597e-06
   6.8161908e-06
   6.9395154e-06
   6.3878194e-06
   6.4573981e-06
   6.8084793e-06
   6.6015088e-06
   6.3208617e-06
   6.2588838e-06
   6.1259107e-06
   5.9610375e-06
   5.7429008e-06
   5.4936484e-06
   5.1076623e-06
   4.6283806e-06
   3.8426974e-06
   2.9605264e-06
   1.8382783e-06
   4.4954165e-07
  -1.6209933e-06
  -3.8266537e-06
  -7.6071825e-06
  -1.1415818e-05
  -1.3005804e-05
  -1.9069125e-05
   1.2764079e-05
  -2.8240597e-05
  -2.1028328e-05
  -2.8377413e-05
  -3.5516226e-05
  -4.5017058e-05
  -5.4527905e-05
  -6.5122515e-05
  -8.3223469e-05
  -9.4486648e-05
  -1.2695135e-04
  -1.3997426e-04
  -2.0115210e-04
  -2.4808898e-04
  -3.0734013e-04
  -3.8874068e-04
  -4.9144680e-04
  -6.2238844e-04
  -7.9743758e-04
  -1.0339830e-03
  -1.3015215e-03
  -1.7957730e-03
  -2.2582287e-03
  -3.0141108e-03
  -4.3319444e-03
  -5.9257479e-03
  -7.7827558e-03
  -1.0604860e-02
  -1.4796426e-02
  -2.0807977e-02
  -2.9588805e-02
  -4.1624925e-02
  -5.7661303e-02
  -8.5199644e-02
  -1.2247915e-01
  -1.7777725e-01
  -2.6212364e-01
  -3.7000551e-01
  -5.4117388e-01
  -7.9487514e-01
  -1.1718422e+00
  -1.7325646e+00
  -2.5734755e+00
  -3.8193607e+00
  -5.7103174e+00
  -8.5313747e+00
  -1.2754651e+01
  -1.9058192e+01
