             NaN
   1.8387882e-06
   4.0278231e-06
   5.0276627e-06
   5.4928202e-06
   5.7192915e-06
   5.8392777e-06
   5.9117690e-06
   5.9630626e-06
   6.0051310e-06
   6.0430670e-06
   6.0793526e-06
   6.1150316e-06
   6.1503030e-06
   6.1857223e-06
   6.2208643e-06
   6.2577694e-06
   6.2914876e-06
   6.3294814e-06
   6.3590810e-06
   6.4016368e-06
   6.4198016e-06
   6.4795768e-06
   6.4658572e-06
   6.5004830e-06
   6.5762569e-06
   6.5340313e-06
   6.5237473e-06
   6.5708776e-06
   6.6602360e-06
   6.6267658e-06
   6.3434803e-06
   6.5128325e-06
   6.5202648e-06
   6.4498279e-06
   6.1859158e-06
   6.0107269e-06
   5.9296926e-06
   5.2912767e-06
   5.7720671e-06
   5.4684816e-06
   5.2058477e-06
   4.7134143e-06
   4.1562009e-06
   3.4988620e-06
   2.5781707e-06
   1.8018460e-06
  -3.4811437e-07
  -1.6643764e-06
  -4.4997274e-06
  -8.4549521e-06
  -1.1325437e-05
  -1.7292008e-05
  -1.2920535e-05
  -1.1624409e-05
  -3.7341217e-05
  -7.4072314e-05
  -4.2099278e-05
  -4.4931007e-05
  -5.5984410e-05
  -7.1575208e-05
  -8.6204940e-05
  -1.0656586e-04
  -1.2956681e-04
  -1.5646430e-04
  -1.9267217e-04
  -2.4889737e-04
  -3.1573664e-04
  -3.9039657e-04
  -4.6961264e-04
  -6.3692405e-04
  -8.1546677e-04
  -1.0441242e-03
  -1.3513704e-03
  -1.7719994e-03
  -2.3665490e-03
  -3.1065685e-03
  -4.9800470e-03
  -5.6353620e-03
  -7.7412868e-03
  -1.0610722e-02
  -1.4233205e-02
  -1.9374699e-02
  -2.9587085e-02
  -4.1515051e-02
  -5.8725568e-02
  -8.2860245e-02
  -1.2033563e-01
  -1.7583832e-01
  -2.5497917e-01
  -3.7095348e-01
  -5.4184392e-01
  -8.0090699e-01
  -1.1739893e+00
  -1.7362413e+00
  -2.5757215e+00
  -3.8315198e+00
  -5.7131703e+00
  -8.5336075e+00
  -1.2753400e+01
  -1.9056835e+01
