             NaN
   1.8315948e-06
   3.9882910e-06
   4.9455730e-06
   5.3792010e-06
   5.5861601e-06
   5.6950315e-06
   5.7616062e-06
   5.8098886e-06
   5.8506151e-06
   5.8881313e-06
   5.9245887e-06
   5.9614826e-06
   5.9976369e-06
   6.0344031e-06
   6.0703344e-06
   6.1075627e-06
   6.1442497e-06
   6.1834262e-06
   6.2167948e-06
   6.2557686e-06
   6.2932725e-06
   6.3256833e-06
   6.3508773e-06
   6.4010854e-06
   6.4129033e-06
   6.4528830e-06
   6.5050740e-06
   6.4405403e-06
   6.5286405e-06
   6.4957016e-06
   6.5128759e-06
   6.4045618e-06
   6.8399913e-06
   5.7199971e-06
   7.0368436e-06
   5.6867753e-06
   8.2979222e-06
   5.3698871e-06
   6.2923645e-06
   6.4392007e-06
   5.9508401e-06
   5.6290197e-06
   5.3018529e-06
   5.0539578e-06
   3.5539901e-06
   4.5347773e-06
   1.0089660e-06
   2.6227918e-06
  -3.5390564e-06
  -1.9566132e-06
  -7.7089141e-06
  -1.1434586e-05
   3.1746161e-06
   1.7231425e-06
  -1.6212195e-05
  -1.5161093e-05
  -2.1979876e-05
  -3.2250346e-05
  -3.9903467e-05
  -5.0155855e-05
  -6.1953047e-05
  -7.7785061e-05
  -9.5176722e-05
  -1.2320859e-04
  -1.6218476e-04
  -1.9603375e-04
  -2.5463899e-04
  -3.2618008e-04
  -4.1977620e-04
  -5.3491930e-04
  -6.9141944e-04
  -9.0043366e-04
  -1.1875896e-03
  -1.5356901e-03
  -2.2698844e-03
  -2.7047433e-03
  -4.2757852e-03
  -5.3062567e-03
  -7.3026545e-03
  -1.0123984e-02
  -1.4457808e-02
  -1.9955235e-02
  -2.8352805e-02
  -4.0348227e-02
  -5.7530517e-02
  -8.1206679e-02
  -1.2016470e-01
  -1.7453433e-01
  -2.5420359e-01
  -3.7162068e-01
  -5.4530437e-01
  -8.0914952e-01
  -1.1828410e+00
  -1.7540279e+00
  -2.6075375e+00
  -3.8853830e+00
  -5.8013694e+00
  -8.6741060e+00
  -1.2971801e+01
  -1.9408290e+01
