             NaN
   1.8143765e-06
   3.8981795e-06
   4.7625526e-06
   5.1300646e-06
   5.2970942e-06
   5.3840857e-06
   5.4386936e-06
   5.4798914e-06
   5.5174601e-06
   5.5532560e-06
   5.5880040e-06
   5.6237669e-06
   5.6586874e-06
   5.6942532e-06
   5.7308804e-06
   5.7666098e-06
   5.8030805e-06
   5.8390342e-06
   5.8748859e-06
   5.9095792e-06
   5.9421600e-06
   5.9849788e-06
   5.9820988e-06
   6.0112290e-06
   6.0757129e-06
   5.8755856e-06
   5.9590135e-06
   6.2556564e-06
   6.2688366e-06
   6.2978465e-06
   6.3209466e-06
   6.3672676e-06
   6.2752359e-06
   6.2822857e-06
   6.2345117e-06
   6.7042094e-06
   6.5858890e-06
   6.3778231e-06
   6.3547875e-06
   6.3440894e-06
   6.1166656e-06
   5.4976009e-06
   6.0073336e-06
   5.3106700e-06
   4.8816661e-06
   4.3815391e-06
   6.2443026e-06
   4.8867253e-06
   7.0080086e-06
   4.3864188e-06
  -1.3818732e-06
   2.8023919e-06
  -5.3749116e-06
   6.8523327e-06
  -1.8246503e-05
   5.8627402e-06
  -1.1171581e-05
  -1.1290743e-05
  -2.0512211e-05
  -2.7592679e-05
  -3.7183365e-05
  -4.8942831e-05
  -4.4501604e-05
  -4.0413411e-05
  -5.7068196e-05
  -1.3458944e-04
  -1.7674269e-04
  -2.3076954e-04
  -3.0431342e-04
  -4.0253491e-04
  -5.5118569e-04
  -7.3609901e-04
  -8.9141807e-04
  -1.3086497e-03
  -1.7800969e-03
  -2.4481466e-03
  -3.3223773e-03
  -4.7703433e-03
  -6.6700237e-03
  -9.3749435e-03
  -1.3278594e-02
  -1.8915979e-02
  -2.7087710e-02
  -3.8957075e-02
  -5.6248968e-02
  -8.1632242e-02
  -1.1884141e-01
  -1.7363037e-01
  -2.5456579e-01
  -3.7436815e-01
  -5.5240423e-01
  -8.1752136e-01
  -1.2131534e+00
  -1.8050171e+00
  -2.6921133e+00
  -4.0236018e+00
  -6.0234781e+00
  -9.0262689e+00
  -1.3526920e+01
  -2.0246223e+01
