             NaN
   1.8329615e-06
   3.9994883e-06
   4.9708051e-06
   5.4148632e-06
   5.6282217e-06
   5.7407233e-06
   5.8091145e-06
   5.8582662e-06
   5.8993350e-06
   5.9369352e-06
   5.9731923e-06
   6.0091684e-06
   6.0450264e-06
   6.0811713e-06
   6.1174621e-06
   6.1539813e-06
   6.1901119e-06
   6.2266038e-06
   6.2629657e-06
   6.2978174e-06
   6.3340867e-06
   6.3658791e-06
   6.3921845e-06
   6.4288765e-06
   6.4345208e-06
   6.4693410e-06
   6.5078447e-06
   6.4138282e-06
   6.5796234e-06
   6.4720663e-06
   6.7215480e-06
   6.5364473e-06
   6.2567855e-06
   6.3813961e-06
   6.2714328e-06
   6.3087422e-06
   6.0472480e-06
   4.6326835e-06
   5.9897006e-06
   5.8489405e-06
   5.7313016e-06
   5.3276085e-06
   4.8176395e-06
   4.5886191e-06
   3.6745541e-06
   2.6985946e-06
   2.1589088e-06
  -8.2240187e-07
  -1.7519295e-06
  -7.3097516e-06
  -7.6602562e-06
  -5.9890980e-06
  -1.3696722e-05
  -2.1413854e-05
  -5.7664444e-06
   2.1134932e-05
  -3.0020639e-05
  -3.1369638e-05
  -4.0756480e-05
  -5.8888940e-05
  -7.1774629e-05
  -9.0203322e-05
  -1.0564614e-04
  -1.3141675e-04
  -1.7459758e-04
  -2.2409047e-04
  -2.7429263e-04
  -3.3261810e-04
  -4.5315795e-04
  -5.7276719e-04
  -7.3719166e-04
  -9.5558938e-04
  -1.2498724e-03
  -1.6520884e-03
  -2.2131107e-03
  -2.8620225e-03
  -4.6434106e-03
  -6.3720893e-03
  -7.9023134e-03
  -1.0715533e-02
  -1.4449976e-02
  -1.9550514e-02
  -2.8925797e-02
  -4.0922347e-02
  -5.8342398e-02
  -8.3761017e-02
  -1.2039436e-01
  -1.7585610e-01
  -2.5444379e-01
  -3.7067429e-01
  -5.4290205e-01
  -7.9703101e-01
  -1.1751462e+00
  -1.7585738e+00
  -2.5912869e+00
  -3.8589525e+00
  -5.7597753e+00
  -8.6098207e+00
  -1.2877080e+01
  -1.9250023e+01
