             NaN
   2.3438158e-06
   6.2946462e-06
   9.5896505e-06
   1.2219144e-05
   1.4275936e-05
   1.5941372e-05
   1.7595482e-05
   1.8873404e-05
   1.9677558e-05
   2.0427598e-05
   2.0949699e-05
   2.1550732e-05
   2.2598510e-05
   2.2973171e-05
   2.3140215e-05
   2.3458120e-05
   2.3417926e-05
   2.4191153e-05
   2.2691088e-05
   2.3038843e-05
   2.5341461e-05
   2.1680865e-05
   2.3364810e-05
   1.5450546e-05
   2.7780622e-05
   1.0843567e-05
   1.3928138e-05
   1.3730583e-05
   7.3132678e-05
  -8.6446546e-05
   2.2117816e-05
   5.5725497e-05
   5.6291946e-05
   2.5804518e-05
   1.2038516e-06
   2.4584423e-06
   6.4451553e-05
   1.9694612e-05
   7.7322175e-06
   2.8013422e-05
   2.8587171e-05
   2.6793406e-05
   2.3960515e-05
   2.7907313e-05
   2.6692228e-05
   2.7649137e-05
   2.7909624e-05
   2.6408262e-05
   3.1372509e-05
   2.5905909e-05
   1.6771429e-05
   2.2644135e-05
   2.5338595e-05
   1.9328714e-05
   1.8343987e-05
   1.6990620e-05
   1.6308642e-05
   1.3746764e-05
   1.0164887e-05
   6.0417280e-06
   8.1518194e-07
  -8.3522822e-06
  -1.8708798e-05
  -2.8176808e-05
  -4.7388740e-05
  -7.4784653e-05
  -1.0787954e-04
  -1.5350315e-04
  -2.1651905e-04
  -3.0444542e-04
  -4.2758920e-04
  -6.0139608e-04
  -8.4533614e-04
  -1.3502431e-03
  -2.8577508e-04
  -2.4507752e-03
  -3.5932672e-03
  -5.2530131e-03
  -7.7094487e-03
  -1.1514957e-02
  -1.5716377e-02
  -2.2947472e-02
  -3.5328342e-02
  -5.2650725e-02
  -7.8352145e-02
  -1.1688738e-01
  -1.7479230e-01
  -2.6181379e-01
  -3.9350416e-01
  -5.9045226e-01
  -8.9306143e-01
  -1.3449571e+00
  -2.0301777e+00
  -3.0649492e+00
  -4.6243622e+00
  -6.9660845e+00
  -1.0461156e+01
  -1.5633908e+01
  -2.3196821e+01
  -3.4072397e+01
