             NaN
   1.8285560e-06
   3.9698424e-06
   4.9066055e-06
   5.3251850e-06
   5.5229217e-06
   5.6266256e-06
   5.6905536e-06
   5.7372935e-06
   5.7774944e-06
   5.8147531e-06
   5.8507347e-06
   5.8875924e-06
   5.9233283e-06
   5.9610567e-06
   5.9972015e-06
   6.0355937e-06
   6.0744981e-06
   6.1097740e-06
   6.1672097e-06
   6.1645100e-06
   6.1941974e-06
   6.3219065e-06
   6.3031451e-06
   6.1977677e-06
   6.3508246e-06
   6.5684809e-06
   6.3443959e-06
   6.3738652e-06
   6.5291842e-06
   6.5551785e-06
   6.5625251e-06
   6.5719011e-06
   6.5856467e-06
   6.5855594e-06
   6.5632108e-06
   6.5580234e-06
   6.3614587e-06
   6.3061778e-06
   5.9628515e-06
   5.8674760e-06
   5.0692474e-06
   5.4548748e-06
   2.4453796e-06
   7.0209974e-06
   3.4475627e-06
   4.1714040e-06
   4.1417585e-06
   3.0860850e-06
   2.1846020e-06
   1.4915585e-06
   7.1613844e-07
  -2.4546922e-06
  -5.9772288e-06
  -6.3275779e-06
  -9.8775363e-06
  -2.1063516e-05
  -3.5009179e-05
  -1.4385158e-05
  -4.3235680e-05
  -4.6196747e-05
  -5.3222887e-05
  -6.8189733e-05
  -8.6576722e-05
  -1.0879063e-04
  -1.3814796e-04
  -1.8233291e-04
  -2.3638512e-04
  -2.9793000e-04
  -3.8704046e-04
  -4.9015008e-04
  -6.4773833e-04
  -8.2253399e-04
  -1.0915203e-03
  -1.4760697e-03
  -2.4526062e-03
  -1.8533293e-03
  -3.5694914e-03
  -5.0373805e-03
  -6.9143068e-03
  -9.7698844e-03
  -1.3899114e-02
  -1.9753573e-02
  -2.8084415e-02
  -4.0173945e-02
  -5.7563550e-02
  -8.6185260e-02
  -1.1995415e-01
  -1.7408041e-01
  -2.5394813e-01
  -3.7239775e-01
  -5.5163379e-01
  -8.0759048e-01
  -1.1903009e+00
  -1.7668841e+00
  -2.6280088e+00
  -3.9182123e+00
  -5.8540729e+00
  -8.7564046e+00
  -1.3104867e+01
  -1.9611052e+01
