  -8.5000000e+01
  -8.4984243e+01
  -8.4966679e+01
  -8.4947100e+01
  -8.4925276e+01
  -8.4900953e+01
  -8.4873844e+01
  -8.4843633e+01
  -8.4809968e+01
  -8.4772458e+01
  -8.4730666e+01
  -8.4684109e+01
  -8.4632250e+01
  -8.4574493e+01
  -8.4510177e+01
  -8.4438568e+01
  -8.4358855e+01
  -8.4270137e+01
  -8.4171421e+01
  -8.4061607e+01
  -8.3939483e+01
  -8.3803710e+01
  -8.3652815e+01
  -8.3485180e+01
  -8.3299027e+01
  -8.3092409e+01
  -8.2863197e+01
  -8.2609070e+01
  -8.2327503e+01
  -8.2015758e+01
  -8.1670877e+01
  -8.1289673e+01
  -8.0868732e+01
  -8.0404412e+01
  -7.9892853e+01
  -7.9329986e+01
  -7.8711555e+01
  -7.8033152e+01
  -7.7290250e+01
  -7.6478265e+01
  -7.5592613e+01
  -7.4628797e+01
  -7.3582504e+01
  -7.2449711e+01
  -7.1226816e+01
  -6.9910776e+01
  -6.8499254e+01
  -6.6990777e+01
  -6.5384892e+01
  -6.3682314e+01
  -6.1885058e+01
  -5.9996556e+01
  -5.8021728e+01
  -5.5967024e+01
  -5.3840406e+01
  -5.1651285e+01
  -4.9410389e+01
  -4.7129589e+01
  -4.4821658e+01
  -4.2500000e+01
  -4.0178342e+01
  -3.7870411e+01
  -3.5589611e+01
  -3.3348715e+01
  -3.1159594e+01
  -2.9032976e+01
  -2.6978272e+01
  -2.5003444e+01
  -2.3114942e+01
  -2.1317686e+01
  -1.9615108e+01
  -1.8009223e+01
  -1.6500746e+01
  -1.5089224e+01
  -1.3773184e+01
  -1.2550289e+01
  -1.1417496e+01
  -1.0371203e+01
  -9.4073875e+00
  -8.5217353e+00
  -7.7097496e+00
  -6.9668483e+00
  -6.2884448e+00
  -5.6700143e+00
  -5.1071466e+00
  -4.5955875e+00
  -4.1312683e+00
  -3.7103274e+00
  -3.3291232e+00
  -2.9842415e+00
  -2.6724968e+00
  -2.3909300e+00
  -2.1368031e+00
  -1.9075913e+00
  -1.7009731e+00
  -1.5148199e+00
  -1.3471847e+00
  -1.1962903e+00
  -1.0605172e+00
  -9.3839263e-01
  -8.2857893e-01
  -7.2986286e-01
  -6.4114534e-01
  -5.6143178e-01
  -4.8982298e-01
  -4.2550671e-01
  -3.6774983e-01
  -3.1589103e-01
  -2.6933419e-01
  -2.2754224e-01
  -1.9003153e-01
  -1.5636670e-01
  -1.2615607e-01
  -9.9047304e-02
  -7.4723613e-02
  -5.2900225e-02
  -3.3321222e-02
  -1.5756664e-02
   0.0000000e+00
