   0.0000000e+00
   1.5781981e-02
   3.2077993e-02
   4.8904718e-02
   6.6279378e-02
   8.4219750e-02
   1.0274418e-01
   1.2187161e-01
   1.4162159e-01
   1.6201428e-01
   1.8307053e-01
   2.0481181e-01
   2.2726032e-01
   2.5043894e-01
   2.7437130e-01
   2.9908179e-01
   3.2459558e-01
   3.5093863e-01
   3.7813774e-01
   4.0622057e-01
   4.3521566e-01
   4.6515245e-01
   4.9606134e-01
   5.2797368e-01
   5.6092181e-01
   5.9493913e-01
   6.3006007e-01
   6.6632016e-01
   7.0375606e-01
   7.4240559e-01
   7.8230776e-01
   8.2350283e-01
   8.6603230e-01
   9.0993902e-01
   9.5526714e-01
   1.0020622e+00
   1.0503713e+00
   1.1002428e+00
   1.1517267e+00
   1.2048745e+00
   1.2597395e+00
   1.3163764e+00
   1.3748418e+00
   1.4351939e+00
   1.4974927e+00
   1.5618004e+00
   1.6281806e+00
   1.6966993e+00
   1.7674243e+00
   1.8404255e+00
   1.9157750e+00
   1.9935471e+00
   2.0738183e+00
   2.1566676e+00
   2.2421762e+00
   2.3304279e+00
   2.4215089e+00
   2.5155082e+00
   2.6125172e+00
   2.7126303e+00
   2.8159446e+00
   2.9225601e+00
   3.0325798e+00
   3.1461096e+00
   3.2632588e+00
   3.3841397e+00
   3.5088679e+00
   3.6375625e+00
   3.7703460e+00
   3.9073443e+00
   4.0486871e+00
   4.1945078e+00
   4.3449436e+00
   4.5001355e+00
   4.6602286e+00
   4.8253721e+00
   4.9957191e+00
   5.1714274e+00
   5.3526588e+00
   5.5395797e+00
   5.7323610e+00
   5.9311783e+00
   6.1362118e+00
   6.3476466e+00
   6.5656727e+00
   6.7904851e+00
   7.0222840e+00
   7.2612745e+00
   7.5076673e+00
   7.7616782e+00
   8.0235286e+00
   8.2934452e+00
   8.5716605e+00
   8.8584127e+00
   9.1539455e+00
   9.4585086e+00
   9.7723575e+00
   1.0095754e+01
   1.0428964e+01
   1.0772263e+01
   1.1125929e+01
   1.1490248e+01
   1.1865512e+01
   1.2252018e+01
   1.2650071e+01
   1.3059980e+01
   1.3482062e+01
   1.3916638e+01
   1.4364038e+01
   1.4824596e+01
   1.5298651e+01
   1.5786551e+01
   1.6288646e+01
   1.6805295e+01
   1.7336861e+01
   1.7883712e+01
   1.8446222e+01
   1.9024770e+01
   1.9619739e+01
   2.0231518e+01
   2.0860500e+01
   2.1507081e+01
   2.2171663e+01
   2.2854648e+01
   2.3556444e+01
   2.4277462e+01
   2.5018113e+01
   2.5778812e+01
   2.6559975e+01
   2.7362017e+01
   2.8185356e+01
   2.9030409e+01
   2.9897591e+01
   3.0787318e+01
   3.1700001e+01
   3.2636052e+01
   3.3595875e+01
   3.4579872e+01
   3.5588441e+01
   3.6621973e+01
   3.7680850e+01
   3.8765449e+01
   3.9876139e+01
   4.1013275e+01
   4.2177205e+01
   4.3368265e+01
   4.4586776e+01
   4.5833046e+01
   4.7107368e+01
   4.8410020e+01
   4.9741259e+01
   5.1101327e+01
   5.2490444e+01
   5.3908809e+01
   5.5356599e+01
   5.6833968e+01
   5.8341044e+01
   5.9877929e+01
   6.1444697e+01
   6.3041397e+01
   6.4668043e+01
   6.6324623e+01
   6.8011089e+01
   6.9727362e+01
   7.1473328e+01
   7.3248839e+01
   7.5053710e+01
   7.6887718e+01
   7.8750604e+01
   8.0642070e+01
   8.2561777e+01
   8.4509348e+01
   8.6484366e+01
   8.8486372e+01
   9.0514867e+01
   9.2569311e+01
   9.4649122e+01
   9.6753679e+01
   9.8882318e+01
   1.0103433e+02
   1.0320899e+02
   1.0540549e+02
   1.0762303e+02
   1.0986073e+02
   1.1211772e+02
   1.1439304e+02
   1.1668574e+02
   1.1899483e+02
   1.2131926e+02
   1.2365798e+02
   1.2600990e+02
   1.2837391e+02
   1.3074887e+02
   1.3313362e+02
   1.3552698e+02
   1.3792776e+02
   1.4033473e+02
   1.4274668e+02
   1.4516237e+02
   1.4758056e+02
   1.5000000e+02
   1.5241944e+02
   1.5483763e+02
   1.5725332e+02
   1.5966527e+02
   1.6207224e+02
   1.6447302e+02
   1.6686638e+02
   1.6925113e+02
   1.7162609e+02
   1.7399010e+02
   1.7634202e+02
   1.7868074e+02
   1.8100517e+02
   1.8331426e+02
   1.8560696e+02
   1.8788228e+02
   1.9013927e+02
   1.9237697e+02
   1.9459451e+02
   1.9679101e+02
   1.9896567e+02
   2.0111768e+02
   2.0324632e+02
   2.0535088e+02
   2.0743069e+02
   2.0948513e+02
   2.1151363e+02
   2.1351563e+02
   2.1549065e+02
   2.1743822e+02
   2.1935793e+02
   2.2124940e+02
   2.2311228e+02
   2.2494629e+02
   2.2675116e+02
   2.2852667e+02
   2.3027264e+02
   2.3198891e+02
   2.3367538e+02
   2.3533196e+02
   2.3695860e+02
   2.3855530e+02
   2.4012207e+02
   2.4165896e+02
   2.4316603e+02
   2.4464340e+02
   2.4609119e+02
   2.4750956e+02
   2.4889867e+02
   2.5025874e+02
   2.5158998e+02
   2.5289263e+02
   2.5416695e+02
   2.5541322e+02
   2.5663173e+02
   2.5782279e+02
   2.5898672e+02
   2.6012386e+02
   2.6123455e+02
   2.6231915e+02
   2.6337803e+02
   2.6441156e+02
   2.6542013e+02
   2.6640413e+02
   2.6736395e+02
   2.6830000e+02
   2.6921268e+02
   2.7010241e+02
   2.7096959e+02
   2.7181464e+02
   2.7263798e+02
   2.7344003e+02
   2.7422119e+02
   2.7498189e+02
   2.7572254e+02
   2.7644356e+02
   2.7714535e+02
   2.7782834e+02
   2.7849292e+02
   2.7913950e+02
   2.7976848e+02
   2.8038026e+02
   2.8097523e+02
   2.8155378e+02
   2.8211629e+02
   2.8266314e+02
   2.8319470e+02
   2.8371135e+02
   2.8421345e+02
   2.8470135e+02
   2.8517540e+02
   2.8563596e+02
   2.8608336e+02
   2.8651794e+02
   2.8694002e+02
   2.8734993e+02
   2.8774798e+02
   2.8813449e+02
   2.8850975e+02
   2.8887407e+02
   2.8922774e+02
   2.8957104e+02
   2.8990425e+02
   2.9022764e+02
   2.9054149e+02
   2.9084605e+02
   2.9114159e+02
   2.9142834e+02
   2.9170655e+02
   2.9197647e+02
   2.9223832e+02
   2.9249233e+02
   2.9273873e+02
   2.9297772e+02
   2.9320951e+02
   2.9343433e+02
   2.9365235e+02
   2.9386379e+02
   2.9406882e+02
   2.9426764e+02
   2.9446042e+02
   2.9464734e+02
   2.9482857e+02
   2.9500428e+02
   2.9517463e+02
   2.9533977e+02
   2.9549986e+02
   2.9565506e+02
   2.9580549e+02
   2.9595131e+02
   2.9609266e+02
   2.9622965e+02
   2.9636244e+02
   2.9649113e+02
   2.9661586e+02
   2.9673674e+02
   2.9685389e+02
   2.9696742e+02
   2.9707744e+02
   2.9718406e+02
   2.9728737e+02
   2.9738748e+02
   2.9748449e+02
   2.9757849e+02
   2.9766957e+02
   2.9775782e+02
   2.9784333e+02
   2.9792618e+02
   2.9800645e+02
   2.9808423e+02
   2.9815957e+02
   2.9823258e+02
   2.9830330e+02
   2.9837182e+02
   2.9843820e+02
   2.9850251e+02
   2.9856481e+02
   2.9862516e+02
   2.9868362e+02
   2.9874026e+02
   2.9879513e+02
   2.9884827e+02
   2.9889976e+02
   2.9894963e+02
   2.9899794e+02
   2.9904473e+02
   2.9909006e+02
   2.9913397e+02
   2.9917650e+02
   2.9921769e+02
   2.9925759e+02
   2.9929624e+02
   2.9933368e+02
   2.9936994e+02
   2.9940506e+02
   2.9943908e+02
   2.9947203e+02
   2.9950394e+02
   2.9953485e+02
   2.9956478e+02
   2.9959378e+02
   2.9962186e+02
   2.9964906e+02
   2.9967540e+02
   2.9970092e+02
   2.9972563e+02
   2.9974956e+02
   2.9977274e+02
   2.9979519e+02
   2.9981693e+02
   2.9983799e+02
   2.9985838e+02
   2.9987813e+02
   2.9989726e+02
   2.9991578e+02
   2.9993372e+02
   2.9995110e+02
   2.9996792e+02
   2.9998422e+02
   3.0000000e+02
