   3.0000000e+02
   3.0001597e+02
   3.0003720e+02
   3.0006541e+02
   3.0010287e+02
   3.0015258e+02
   3.0021849e+02
   3.0030575e+02
   3.0042110e+02
   3.0057324e+02
   3.0077331e+02
   3.0103541e+02
   3.0137704e+02
   3.0181943e+02
   3.0238745e+02
   3.0310890e+02
   3.0401265e+02
   3.0512542e+02
   3.0646680e+02
   3.0804305e+02
   3.0984072e+02
   3.1182234e+02
   3.1392643e+02
   3.1607357e+02
   3.1817766e+02
   3.2015928e+02
   3.2195695e+02
   3.2353320e+02
   3.2487458e+02
   3.2598735e+02
   3.2689110e+02
   3.2761255e+02
   3.2818057e+02
   3.2862296e+02
   3.2896459e+02
   3.2922669e+02
   3.2942676e+02
   3.2957890e+02
   3.2969425e+02
   3.2978151e+02
   3.2984742e+02
   3.2989713e+02
   3.2993459e+02
   3.2996280e+02
   3.2998403e+02
   3.3000000e+02
