3.021142489382164e23
3.0145857101657512e23
3.0078380168562547e23
3.0008946048989414e23
2.9937505968251503e23
2.9864010458683267e23
2.9788409349146403e23
2.971065181947221e23
2.9630686498817885e23
2.9548461263966804e23
2.9463923631421133e23
2.9377020451152386e23
2.9287698230956087e23
2.919590300054795e23
2.9101580415999115e23
2.900467583184547e23
2.8905134417655476e23
2.8802901130310204e23
2.869792080871825e23
2.859013827569754e23
2.8479498447070123e23
2.8365946301488454e23
2.82494271177586e23
2.8129886534670545e23
2.8007270513149153e23
2.7881525669860536e23
2.775259925661086e23
2.7620439295140025e23
2.7484994720748705e23
2.734621553460949e23
2.7204052861504537e23
2.705845925956394e23
2.6909388625774044e23
2.6756796659390643e23
2.6600640853981922e23
2.6440880243847626e23
2.627747671592197e23
2.6110394070805215e23
2.5939598817794292e23
2.576505955041429e23
2.558674857204978e23
2.5404640651814248e23
2.5218714329082575e23
2.502895163844677e23
2.4835337272308774e23
2.4637861372140803e23
2.4436516882832058e23
2.423130173021044e23
2.4022218295473275e23
2.3809273506700715e23
2.3592479217727578e23
2.3371852573030632e23
2.314741554980796e23
2.2919196143632113e23
2.268722763686164e23
2.245154948343155e23
2.221220660633369e23
2.196925075685308e23
2.172273930535945e23
2.1472736314159782e23
2.1219312325841496e23
2.0962544401613854e23
2.0702516605042565e23
2.043931908832088e23
2.017304923462583e23
1.9903811159550887e23
1.96317154593443e23
1.935687958352077e23
1.907942793572093e23
1.879949114483816e23
1.8517206352586486e23
1.8232717051833732e23
1.7946173084477938e23
1.7657730055032082e23
1.7367549293959546e23
1.7075798107558136e23
1.6782648276884027e23
1.6488277120766884e23
1.6192866296404114e23
1.5896601767913007e23
1.5599673257196342e23
1.5302274126664474e23
1.5004600634394344e23
1.470685162368106e23
1.4409228038310058e23
1.4111932295057516e23
1.3815168276775956e23
1.3519140034891346e23
1.3224051997058395e23
1.2930107921984772e23
1.2637510796245358e23
1.2346461816512488e23
1.2057160059033542e23
1.1769802204535744e23
1.1484581564631182e23
1.1201687825381675e23
1.0921306148270895e23
1.0643618576291465e23
1.0368798970950606e23
1.0097018507162534e23
9.828440726564658e22
9.563222828102662e22
9.301515940069719e22
9.043462707867828e22
8.789199662571926e22
8.53885431345792e22
8.292547350398258e22
8.050389494508375e22
7.812484182858381e22
7.578926664122992e22
7.349801918671113e22
7.125187956031846e22
6.905152416127593e22
6.689754850935032e22
6.479046171377516e22
6.273068268225618e22
6.071854466898294e22
5.87542991374458e22
5.683810992079656e22
5.49700613691021e22
5.315016221419316e22
5.1378338641673825e22
4.965445246699623e22
4.797828685478322e22
4.634955705577244e22
4.476791907793959e22
4.32329628996256e22
4.174422179875193e22
4.0301178211464005e22
3.890325885454698e22
3.7549844971775148e22
3.624027612602193e22
3.497384827694013e22
3.374982533366342e22
3.256743334190194e22
3.1425874952326264e22
3.0324323907011256e22
2.9261930447862556e22
2.8237826996556886e22
2.7251131998971623e22
2.6300948223240304e22
2.5386368102306926e22
2.450648045391784e22
2.3660366493687994e22
2.284710586089462e22
2.206578013986292e22
2.131547287924041e22
2.059527238290095e22
1.9904273108501365e22
1.924158002079382e22
1.8606306471038713e22
1.7997578752327617e22
1.7414536320523136e22
1.6856333009965315e22
1.632213814889536e22
1.5811138231194236e22
1.5322537320058393e22
1.4855558083867606e22
1.4409441290954109e22
1.3983448942061977e22
1.3576861903468e22
1.318898267838082e22
1.2819134158510276e22
1.2466660600701755e22
1.2130927380649415e22
1.1811321525709778e22
1.1507251730275623e22
1.121814787994751e22
1.0943461412377335e22
1.068266537497229e22
1.0435253777338531e22
1.0200741681416324e22
9.97866519159869e21
9.768580961036866e21
9.570066069454986e21
9.382717858451502e21
9.206153407210094e21
9.040009640698354e21
8.883943158033506e21
8.73762800061143e21
8.600760025234573e21
8.473050600722681e21
8.354231954387862e21
8.244051839484933e21
8.142278596422655e21
8.04869600676115e21
7.963105761179111e21
7.885327808035756e21
7.815198040389352e21
7.75256971046673e21
7.697312711622567e21
7.649313803098674e21
7.608476323633611e21
7.574720207406894e21
7.547981891901025e21
7.528214660862425e21
7.515388107216066e21
7.509488736340494e21
7.510519843536152e21
7.51850171098546e21
7.533471775714952e21
7.555484857249823e21
7.584613378181074e21
7.62094774285887e21
7.664596498984157e21
7.715687221963145e21
7.774365882184295e21
7.840798471452616e21
7.915170860246215e21
7.997689510744099e21
8.088581998083992e21
8.188097979407805e21
8.296509437720318e21
8.414112279937572e21
8.541225014633357e21
8.678192577863109e21
8.825386488920769e21
8.983202291552866e21
9.152067175484743e21
9.332434046866171e21
9.52478943457595e21
9.729647148993794e21
9.947558409498073e21
1.017910590075907e22
1.0424907682043839e22
1.0685619910338457e22
1.0961938788266377e22
1.125459661983759e22
1.1564373262046251e22
1.1892087893045436e22
1.2238608454372274e22
1.2604848845057283e22
1.2991770334467807e22
1.3400392178992115e22
1.383178149610254e22
1.4287063896708394e22
1.4767424152419562e22
1.5274102978599845e22
1.5808411077962575e22
1.6371717079893788e22
1.696545881669747e22
1.7591151052251894e22
1.8250373648801291e22
1.894478561584065e22
1.9676114791525255e22
2.044618467041748e22
2.125688898510998e22
2.211021480693657e22
2.300822233434681e22
2.395308575028859e22
2.49470519164038e22
2.5992468776900096e22
2.7091782456772426e22
2.8247540966244657e22
2.946238804714581e22
3.0739075173366207e22
3.2080454534661893e22
3.348949314170319e22
3.4969251307141997e22
3.652290919788178e22
3.815375796070061e22
3.986518512221814e22
4.166070805429002e22
4.354394387082494e22
4.551860629123663e22
4.7588547651758155e22
4.975769761597558e22
5.203013061291684e22
5.44099672910937e22
5.690147334590712e22
5.950901110938163e22
6.223703686159833e22
6.509002247010993e22
6.8072628010859194e22
7.118952218208281e22
7.444549056528059e22
7.784529833452166e22
8.139392183133774e22
8.50961980943588e22
8.895711632259305e22
9.298165755824208e22
9.717484293288536e22
1.0154165731915082e23
1.0608710527581527e23
1.1081612424688942e23
1.1573364966889011e23
1.2084451675956881e23
1.2615364265536707e23
1.3166572510315618e23
1.3738529721936045e23
1.4331682134621041e23
1.4946483112774993e23
1.5583339749636033e23
1.6242662816476826e23
1.6924822508482297e23
1.7630192645227414e23
1.8359100775812757e23
1.9111878675139948e23
1.9888784865569513e23
2.0690100861502798e23
2.151605034302984e23
2.2366813506550528e23
2.3242549196362395e23
2.4143368956439868e23
2.5069392720424625e23
2.6020632557144555e23
2.699713974416449e23
2.7998811977538738e23
2.9025586297552753e23
3.0077383226935496e23
3.115398578870369e23
3.2255189769134563e23
3.338077334170305e23
3.453035539462403e23
3.570357189839993e23
3.6900148908335506e23
3.811947852205608e23
3.936120479111477e23
4.0624670964288215e23
4.190938281612821e23
4.321464616972413e23
4.453981819253185e23
4.588417991247321e23
4.724700754815229e23
4.862749857803884e23
5.002476312701385e23
5.143799479516261e23
5.286640447539593e23
5.430883915441828e23
5.5764527428538364e23
5.723253305903573e23
5.871161473665204e23
6.020108683174905e23
6.169963050943004e23
6.320640404199488e23
6.472024757153273e23
6.624015394323008e23
6.776502736052562e23
6.929381097879707e23
7.082549598047575e23
7.235882904154367e23
7.389289563681156e23
7.542669530788834e23
7.695912590494624e23
7.848913748864606e23
8.001574011440236e23
8.153801148178701e23
8.305491876591411e23
8.456549106523197e23
8.606902204027536e23
8.756409707900147e23
8.905055833193787e23
9.052691789935923e23
9.199278094085387e23
9.344720669386295e23
9.488954341728304e23
9.63189949167602e23
9.77348363675387e23
9.913641850929006e23
1.0052341898946268e24
1.0189511382009881e24
1.0325058728005834e24
1.0459002319193042e24
1.0591239936008953e24
1.0721754597194801e24
1.0850483480424374e24
1.097742618784957e24
1.1102534883151933e24
1.1225768018598527e24
1.1347090504235462e24
1.146650401826623e24
1.1583988200335328e24
1.1699529485574911e24
1.1813089635293935e24
1.1924667536574802e24
1.2034269074242425e24
1.2141874270833883e24
1.2247468434857978e24
1.2351075933691285e24
1.2452659860918912e24
1.2552290672397982e24
1.2649907558243607e24
1.2745557878940276e24
1.2839224360806284e24
1.2930965703167197e24
1.3020737776087926e24
1.310857237326367e24
1.3194506408688062e24
1.3278544221920528e24
1.3360693697356079e24
1.3441004540760705e24
1.351945399738143e24
1.3596099332699545e24
1.3670963194556898e24
1.3744031909128626e24
1.381537363897799e24
1.3885020740939895e24
1.3952927629304694e24
1.4019212671210755e24
1.4083835155778713e24
1.441820081730415e24
