-3.840469264056134
-3.840469015391212
-3.8404687382095983
-3.840468429228796
-3.8404680848191206
-3.840467700972139
-3.8404672731586356
-3.8404667963917416
-3.840466265116461
-3.8404656731623317
-3.8404650136329535
-3.8404642789059897
-3.8404634605069177
-3.8404625490301205
-3.8404615340442025
-3.8404604039657366
-3.8404591459961415
-3.840457745916524
-3.8404561880561174
-3.8404544550555637
-3.8404525277880053
-3.8404503851223692
-3.840448003812895
-3.8404453583255456
-3.840442420601284
-3.8404391599140455
-3.8404355426655803
-3.8404315322276426
-3.840427088752613
-3.8404221690314695
-3.840416726383319
-3.8404107105133654
-3.8404040675444717
-3.84039674000138
-3.8403886669685217
-3.840379784232052
-3.840370024627034
-3.8403593185897833
-3.840347594678648
-3.8403347805524475
-3.8403208038699987
-3.840305593663088
-3.840289081867248
-3.8402712049945698
-3.8402519062010447
-3.840231137464374
-3.8402088619038115
-3.8401850562735977
-3.840159713424833
-3.8401328446411003
-3.840104481721589
-3.8400746788274978
-3.8400435136025033
-3.840011087835572
-3.8399775271768988
-3.839942980143686
-3.839907616037025
-3.8398716221959592
-3.8398352001942073
-3.8397985615634607
-3.8397619229327993
-3.839725500931526
-3.83968950709254
-3.839654142994623
-3.839619595997063
-3.8395860354785496
-3.8395536102397347
-3.8395224469118054
-3.839492650483974
-3.8394643083966904
-3.8394375028484014
-3.839412340428221
-3.8393890179577825
-3.839367955705232
-3.8393500439994432
-3.839337057367543
-3.8393322803966417
-3.8393413489193895
-3.839373234749451
-3.8394412028678273
-3.839563478250534
-3.8397633160612132
-3.8400682110179023
-3.8405081225866238
-3.841112811723687
-3.841908625805574
-3.84291526088731
-3.8441430925547535
-3.845591580889355
-3.847249018741879
-3.849093607973143
-3.8510955750770113
-3.853219881962762
-3.8554290642302855
-3.857685811982891
-3.859955036008901
-3.8622053232237197
-3.8644097963672137
-3.8665464672880043
-3.8685981835025274
-3.870552318194953
-3.8724002895333207
-3.874137002173789
-3.8757602707551655
-3.8772702672540427
-3.8786690146918446
-3.8799599423923947
-3.881147504933205
-3.882236862764618
-3.8832336219875527
-3.8841436262145126
-3.884972793111298
-3.8857269874357954
-3.8864119294848325
-3.887033125895173
-3.8875958237330708
-3.8881049803657177
-3.888565246806181
-3.8889809608608816
-3.8890354167291314
-3.8890915841532547
-3.8891495147039445
-3.88920926137237
-3.8892708785925914
-3.889334422258803
-3.889399949785297
-3.889467520112912
-3.8895371936794145
-3.889609032654111
-3.889683100657703
-3.8897594630942463
-3.8898381869347913
-3.8899193409071575
-3.8900029954783526
-3.8900892228681663
-3.890178097026022
-3.890269693739624
-3.8903640906384642
-3.8904613671938773
-3.8905616047155145
-3.890664886477633
-3.8907712976066864
-3.890880925132326
-3.8909938581328753
-3.8911101875433425
-3.8912300062912655
-3.891353409293871
-3.8914804934498766
-3.8916113576257865
-3.8917461027344915
-3.8918848315783654
-3.8920276490782504
-3.8921746619735553
-3.8923259789724987
-3.892481711149785
-3.892641970820913
-3.8928068726044036
-3.8929765327977726
-3.893151070154332
-3.893330604419321
-3.893515257725033
-3.893705153433029
-3.8939004165560056
-3.894101174782531
-3.89430755574186
-3.8945196898856183
-3.8947377083633907
-3.894961743695988
-3.895191929808769
-3.895428401746946
-3.8956712953847377
-3.89592074802975
-3.8961768972014137
-3.8964398815118835
-3.8967098397302213
-3.8969869116240514
-3.8972712364184803
-3.897562954195765
-3.897862204629849
-3.898169127182565
-3.898483860989661
-3.898806544165732
-3.899137314805887
-3.8994763094127376
-3.8998236633098275
-3.9001795107434427
-3.9005439841389995
-3.9009172136407217
-3.9012993277296437
-3.9016904524569345
-3.9020907112218364
-3.902500224277061
-3.902919109020093
-3.90334747947456
-3.9037854452654384
-3.9042331131655486
-3.904690584769502
-3.9051579575107245
-3.9056353238784514
-3.906122771392409
-3.9066203818364547
-3.9071282314769227
-3.907646390541923
-3.9081749229507
-3.908713886276432
-3.909263330553646
-3.9098232994123454
-3.9103938284431505
-3.9109749458701484
-3.911566671423824
-3.912169017008134
-3.9127819860369053
-3.9134055726030303
-3.914039762155914
-3.9146845306953
-3.9153398454354527
-3.916005660057415
-3.9166819254220226
-3.9173685750956526
-3.9180655360384025
-3.91877272435834
-3.9194900432789797
-3.9202173885598586
-3.9209546409426133
-3.9217016733572354
-3.9224583436553413
-3.9232245033412334
-3.9239999887767874
-3.924784623116071
-3.9255782229281073
-3.9263805867386323
-3.9271915065624894
-3.928010759939701
-3.928838111832564
-3.929673316367845
-3.9305161155392154
-3.931366238089806
-3.932223402731082
-3.933087315598171
-3.9339576693729246
-3.934834147790427
-3.9357164181528814
-3.936604139824525
-3.9374969607296197
-3.9383945143227117
-3.9392964252222007
-3.9402023061725715
-3.94111175657563
-3.9420243678739566
-3.9429397197339804
-3.943857379941604
-3.944776908492083
-3.945697852229988
-3.946619751995112
-3.9475421346236006
-3.9484645200660733
-3.949386420383181
-3.950307338091911
-3.951226765722423
-3.9521441905837467
-3.95305909323994
-3.953970943948732
-3.954879209805051
-3.9557833519246515
-3.956682824645378
-3.9575770785503335
-3.958465560406839
-3.9593477145943536
-3.960222980556332
-3.961090798395359
-3.961950605750355
-3.9628018400970895
-3.9636439396788328
-3.964476344436707
-3.9652984958624558
-3.966109838608937
-3.9669098209719027
-3.967697897876193
-3.9684735273445715
-3.969236176419498
-3.969985317778961
-3.970720433486299
-3.9714410144772856
-3.972146562228255
-3.972836588690017
-3.9735106170668844
-3.9741681835713405
-3.974808837203371
-3.975432139961089
-3.9760376685915757
-3.9766250145019275
-3.977193783699243
-3.977743597813721
-3.9782740940841235
-3.978784925303095
-3.97927576063432
-3.979746284604488
-3.9801961967025314
-3.980625216966627
-3.9810330722259786
-3.9814195135371477
-3.9817842992091568
-3.982127209786923
-3.9824480313246666
-3.9827465701647355
-3.9830226441548717
-3.9832760802542473
-3.9835067209087955
-3.983714418464004
-3.9838990365467057
-3.98406044845766
-3.984198537370801
-3.9843131956573266
-3.9844043247141347
-3.984471833461954
-3.9845156400112405
-3.984535669613526
-3.984531855273303
-3.9845041374639427
-3.984452464141388
-3.984376790759892
-3.984277080521589
-3.98415330429686
-3.984005441499328
-3.983833478726129
-3.983637413731169
-3.98341725198508
-3.983173009410878
-3.982904712435065
-3.982612398869993
-3.9822961175448026
-3.981955930446833
-3.9815919107538287
-3.9812041500885207
-3.9807927499863216
-3.9803578250943317
-3.979899514116645
-3.979417961003383
-3.978913335887871
-3.9783858162855856
-3.977835608499915
-3.9772629237254
-3.9766679981293347
-3.9760510860102514
-3.9754124567714273
-3.974752394243117
-3.9740712097565494
-3.973369218807893
-3.972646764173624
-3.9719041980597627
-3.9711418922385544
-3.9703602381124097
-3.9695596288824064
-3.968740483658712
-3.9679032296413563
-3.967048304847246
-3.966176166896379
-3.9652872717222376
-3.9643820975683455
-3.9634611285773707
-3.9625248466268994
-3.961573752569014
-3.960608347603931
-3.959629150338365
-3.9586366630090497
-3.9576314084550583
-3.9566139021984097
-3.9555846790636253
-3.9545442476778647
-3.9534931402897753
-3.952431881820608
-3.9513609954520006
-3.9502810007838076
-3.9491924209075346
-3.948095772294345
-3.9469915721590176
-3.9458803275520755
-3.9447625532147317
-3.943638750815266
-3.942509416933698
-3.9413750527175977
-3.940236140988903
-3.939093166503546
-3.937946615758158
-3.9367969518590145
-3.9356446491598778
-3.9344901551179023
-3.93333394027215
-3.9321764457622637
-3.9310181075119957
-3.9298593554500094
-3.928700642708623
-3.927542371569436
-3.9263849656765997
-3.925228824300594
-3.9240743691347038
-3.9229219619257383
-3.921772019415239
-3.9206249129655015
-3.919481018044257
-3.918340696171128
-3.917204312765559
-3.916072218148273
-3.914944766257205
-3.9138222946776238
-3.9127051442607437
-3.91159361639863
-3.9104880355747387
-3.909388729887113
-3.9082960085843643
-3.907210136464899
-3.906131426862331
-3.905060148183998
-3.9039965957660314
-3.902941017458066
-3.901893688744324
-3.900854835038328
-3.8998247378940945
-3.898803600226288
-3.897791654258373
-3.896789136033446
-3.895796256484484
-3.8948132303369944
-3.8938402147440403
-3.8928774321176327
-3.891925014926007
-3.890983196715157
-3.8900521202091873
-3.889131898255804
-3.8882227172821837
-3.8873247025268376
-3.8864379496579957
-3.8855626340888665
-3.8846988687964252
-3.8838466615124903
-3.8830062178513636
-3.882177524695535
-3.8813607343802548
-3.8805558531994992
-3.8797629792401866
-3.8789821425834172
-3.8782133864865527
-3.8774567262129005
-3.876712192092342
-3.8759798318214007
-3.8752596221904256
-3.874551511012839
-3.873855602676039
-3.8731717924457874
-3.872500040164377
-3.871840424403586
-3.871192758582195
-3.8705571215922956
-3.869933372725939
-3.869321495387179
-3.8687213997388525
-3.868133023550588
-3.867556282153301
-3.8669910681437933
-3.8664373589113907
-3.8658950043655462
-3.8653638860682706
-3.864843919962736
-3.8643350029040824
-3.8638370125366004
-3.863349807214006
-3.8628732837442254
-3.8624073217289885
-3.861951724701908
-3.8615065143062495
-3.8610713420006975
-3.8606462585441936
-3.8602310013848125
-3.859825473043905
-3.859429501279192
-3.8590429613406925
-3.8586657156851714
-3.858297614070439
-3.857938430036447
-3.8575880510785683
-3.857246418674225
-3.856913205870246
-3.856588397084537
-3.8562717726735936
-3.855963233656743
-3.855662539738418
-3.855369573227516
-3.85508420847287
-3.8548063119830367
-3.8545356745497314
-3.85427214635076
-3.8540155701890177
-3.8537658506849053
-3.8535228173517138
-3.8532862927730767
-3.853056162776792
-3.8528323078418274
-3.852614532607914
-3.8524027772199467
-3.8521967644670734
-3.8519964958786432
-3.8518017553042454
-3.851612464915531
-3.851428398971391
-3.8512495439017194
-3.851075738429824
-3.850906817172502
-3.8507426840049384
-3.8505832398827082
-3.850428309243454
-3.850277860685109
-3.8501317127938783
-3.849989755045262
-3.8498519489388374
-3.849718104941273
-3.8495881053005117
-3.8494619801764713
-3.849339457975574
-3.8492205652909024
-3.8485347826020586
-3.8476437875323612
-3.8464948807847836
-3.845027844611098
-3.843177453801232
-3.8408793534565344
-3.838080698997812
-3.8347524536596738
-3.8309079344097245
-3.826619863438151
-3.822032668641051
-3.8173641514974093
-3.812887614712018
-3.808891800621583
-3.8056199372965396
-3.803204536839096
-3.8016264951532968
-3.8007295540028765
-3.8002909024234017
-3.8001063805546362
-3.800038669080318
-3.8000163122183106
-3.800009306315641
-3.8000070243051263
-3.800006136521395
-3.800005675186087
-3.800005367222518
-3.8000051338219922
-3.8000049493648804
-3.8000048027232634
-3.800004686837722
-3.8000045960600852
-3.8000045255493036
-3.8000044711776515
-3.800004429497133
-3.8000043976952362
-3.800004373518038
-3.800004355189824
-3.8000043413259403
-3.800004330854575
-3.8000043229571325
-3.8000043170059166
-3.8000043125242575
-3.8000043091515034
-3.800004306614393
