-3.840469264056134
-3.840469264056134
-3.840469264056134
-3.840469264056134
-3.840469264056134
-3.840469264056134
-3.840469264056134
-3.840469264056134
-3.840469264056134
-3.840469264056134
-3.840469264056134
-3.840469264056134
-3.840469264056134
-3.840469264056134
-3.840469264056134
-3.840469264056134
-3.840469264056134
-3.840469264056134
-3.840469264056134
-3.840469264056134
-3.840469264056134
-3.840469264056134
-3.840469264056134
-3.840469264056134
-3.840469264056134
-3.840469264056134
-3.840469264056134
-3.840469264056134
-3.840469264056134
-3.840469264056134
-3.840469264056134
-3.840469264056134
-3.840469264056134
-3.840469264056134
-3.840469264056134
-3.840469264056134
-3.840469264056134
-3.840469264056134
-3.840469264056134
-3.840469264056134
-3.840469264056134
-3.840469264056134
-3.840469264056134
-3.840469264056134
-3.840469264056134
-3.840469264056134
-3.840469264056134
-3.840469264056134
-3.840469264056134
-3.840469264056134
-3.840469264056134
-3.840469264056134
-3.840469264056134
-3.840469264056134
-3.840469264056134
-3.840469264056134
-3.8404692640561344
-3.8404692640561366
-3.840469264056145
-3.8404692640561833
-3.840469264056351
-3.8404692640570834
-3.840469264060231
-3.8404692640734464
-3.840469264127291
-3.8404692643388287
-3.8404692651353796
-3.840469267994916
-3.8404692777359952
-3.8404693091007522
-3.8404694042556895
-3.840469675620332
-3.840470401941004
-3.8404722250403887
-3.8404765161155985
-3.8404859926155286
-3.8405056513955853
-3.840544022226464
-3.8406146303414106
-3.840737403921665
-3.840939618940195
-3.841255901717968
-3.841726872145532
-3.8423962356613415
-3.843306496301773
-3.844493875860019
-3.845983355462622
-3.8477848474792737
-3.8498913102422474
-3.852279148508702
-3.8549107057387317
-3.857738198114898
-3.860708246014236
-3.863766222648879
-3.8668598720773155
-3.8699419169849003
-3.872971642023833
-3.875915589717415
-3.878747580347641
-3.881448247109481
-3.8840043138022216
-3.8864077337651732
-3.888654804806315
-3.890745324660331
-3.892681826372822
-3.894468908825211
-3.8961126703545133
-3.8976202391270625
-3.8989993909810563
-3.900258246785212
-3.9014050370991957
-3.9024479227008984
-3.9033948594230443
-3.904253505240695
-3.9050311529052135
-3.9057346892669877
-3.906370571972475
-3.9069448208368924
-3.9074630195273206
-3.907530893051998
-3.907600945157533
-3.907673244509415
-3.907747861870192
-3.9078248701493052
-3.9079043444477817
-3.907986362157799
-3.9080710029969
-3.9081583489984677
-3.9082484848352057
-3.908341497499058
-3.9084374767507217
-3.9085365148830946
-3.908638706996846
-3.908744151017908
-3.9088529477564085
-3.9089652009216045
-3.909081017305812
-3.909200506838681
-3.909323782639902
-3.9094509610703043
-3.909582161951028
-3.9097175084833773
-3.9098571273793383
-3.9100011491168183
-3.9101497077690692
-3.910302941255761
-3.9104609914221227
-3.9106240041158267
-3.9107921292615737
-3.9109655210595466
-3.9111443378865167
-3.9113287426993355
-3.911518902762891
-3.9117149899641706
-3.9119171814567393
-3.9121256583348636
-3.912340607152578
-3.912562219262448
-3.912790691988307
-3.9130262268773923
-3.913269031699656
-3.9135193191131927
-3.9137773074079885
-3.914043222067818
-3.9143172923652583
-3.9145997554005936
-3.914890853521404
-3.9151908354602107
-3.915499956640099
-3.915818479066793
-3.9161466712207402
-3.916484809172914
-3.9168331752459657
-3.9171920595335563
-3.9175617589700145
-3.9179425788392583
-3.91833483103561
-3.9187388363776026
-3.9191549232751086
-3.91958342842206
-3.920024697082855
-3.920479082578848
-3.9209469481790418
-3.9214286653882913
-3.921924615043369
-3.922435188004462
-3.9229607846579304
-3.9235018148279006
-3.924058699271948
-3.9246318692022744
-3.9252217666072053
-3.925828844188751
-3.9264535664827247
-3.9270964098094865
-3.9277578614640594
-3.9284384228022105
-3.9291386065087672
-3.929858938927891
-3.9305999596893297
-3.9313622225084233
-3.9321462948484327
-3.932952759133008
-3.9337822128221527
-3.934635268888682
-3.935512556688631
-3.936414720957085
-3.9373424246040107
-3.938296346990789
-3.9392771859987508
-3.940285657105368
-3.9413224954762263
-3.942388455821402
-3.9434843119066914
-3.9446108586799715
-3.9457689118072494
-3.946959309808324
-3.9481829062767084
-3.9494405903998757
-3.950733261207563
-3.9520618480813536
-3.9534273037346317
-3.9548306009190815
-3.956272743650481
-3.957754753010057
-3.959277681951012
-3.9608426011380944
-3.9624506172554352
-3.9641028552499398
-3.965800462217457
-3.9675446219334867
-3.9693365299855015
-3.971177418961553
-3.973068540704899
-3.9750111699935475
-3.9770066081432693
-3.9790561794573147
-3.9811612276602744
-3.983323122905594
-3.9855432545756595
-3.9878230276088624
-3.990163872882548
-3.992567225834519
-3.9950345473290514
-3.9975673127681066
-4.000167001222744
-4.002835109119726
-4.005573139311169
-4.008382593665653
-4.01126498666143
-4.0142218309342885
-4.017254633351725
-4.020364905071328
-4.023554140132782
-4.026823836015753
-4.030175461796482
-4.0336104787376215
-4.037130332946057
-4.040736444581659
-4.0444302005978665
-4.048212968444971
-4.052086085384483
-4.056050837391644
-4.060108483426826
-4.064260237896948
-4.068507260135001
-4.07285066134269
-4.0772914976215535
-4.081830770005284
-4.086469403612233
-4.091208268637337
-4.096048156064962
-4.100989781275559
-4.106033780696304
-4.111180708461776
-4.116431026113936
-4.121785102757521
-4.127243208248543
-4.13280552379943
-4.13847210729302
-4.144242924780166
-4.150117815781455
-4.15609651083477
-4.162178617681614
-4.168363624861755
-4.17465089136406
-4.1810396432347305
-4.187528980626453
-4.194117867420919
-4.200805124326231
-4.207589439383576
-4.214469361049037
-4.2214432912686135
-4.228509492481018
-4.2356660841645875
-4.2429110393794
-4.250242195239051
-4.257657238994527
-4.265153701081908
-4.2727290561548665
-4.280380489702169
-4.288105215050994
-4.295900166828236
-4.303762314477507
-4.311688313916556
-4.31967485588703
-4.3277184917836635
-4.335815563986913
-4.343962414872406
-4.352155247473474
-4.3603901951513695
-4.368663286761287
-4.376970481487547
-4.385307668843988
-4.393670703508923
-4.402055300821394
-4.410457245789281
-4.418872218916139
-4.427295900705268
-4.435723936825119
-4.444151972944008
-4.452575654730146
-4.460990627851674
-4.4693925728113335
-4.4777771701118265
-4.486140204759798
-4.49447739209256
-4.502784586786034
-4.511057678350788
-4.5192926259666955
-4.527485458482937
-4.535632309252659
-4.543729381298316
-4.55177301698099
-4.559759558661757
-4.567685557709635
-4.575547704832263
-4.583342655902626
-4.591067380305614
-4.598718812591464
-4.60629416598766
-4.613790618887032
-4.621205663194319
-4.628536825648913
-4.635781772328835
-4.642938343485388
-4.6500045535431545
-4.656978451761377
-4.663858366076549
-4.670642659259821
-4.677329903090281
-4.683918773850991
-4.690408052328977
-4.696796763153868
-4.703083965789946
-4.7092688938747775
-4.715350920384559
-4.721329487964798
-4.727204248268946
-4.7329748877851125
-4.738641232340035
-4.744203281933737
-4.7496610714009035
-4.755014774914847
-4.760264601483545
-4.7654109691229145
-4.77045429584888
-4.775395139015998
-4.780234055978833
-4.784971813099893
-4.789609141907035
-4.794146878432099
-4.798585928376241
-4.80292726710994
-4.80717190483834
-4.811320921435904
-4.8153754316117645
-4.819336619744373
-4.823205670212188
-4.82698383706299
-4.830672409179223
-4.83427267544334
-4.837785994407109
-4.841213724622307
-4.844557224640714
-4.8478179226834275
-4.850997212136888
-4.854096556056854
-4.857117347829768
-4.860061050511385
-4.862929127157458
-4.8657230408237355
-4.868444184896647
-4.871094057266585
-4.87367408615462
-4.87618573461647
-4.878630396038531
-4.881009568311155
-4.8833246099860546
-4.885576949284243
-4.887767979592059
-4.889899094295831
-4.891971651947211
-4.893987011097836
-4.895946495464667
-4.897851428764651
-4.8997030998800595
-4.9015028325278065
-4.903251880755473
-4.904951463775965
-4.906602800802175
-4.908207145881639
-4.9097656485579035
-4.911279493209161
-4.912749794544273
-4.914177702106749
-4.915564295770773
-4.916910690245175
-4.9182178957348
-4.91948699211381
-4.9207189895870345
-4.921914863524644
-4.923075589296803
-4.924202107439013
-4.9252953933214405
-4.926356317810263
-4.9273858214409865
-4.928384705410469
-4.9293538405848984
-4.930294097830469
-4.93120624350939
-4.932091078818539
-4.9329494049548055
-4.933781918611092
-4.9345893513149734
-4.935372504263366
-4.9361319696452055
-4.936868513822765
-4.937582728985
-4.938275311824875
-4.938946854531371
-4.939597984128141
-4.940229292804189
-4.9408413727485305
-4.941434781315525
-4.942010041024878
-4.942567709230974
-4.943108343288213
-4.943632361212329
-4.944140320357749
-4.944632708409571
-4.945109908548899
-4.945572478130195
-4.946020765499916
-4.946455258343208
-4.946876339841223
-4.947284428009789
-4.947679906030078
-4.948063157083269
-4.948434564350557
-4.9487944413438
-4.949143171244208
-4.949481102398333
-4.949808548318061
-4.950125822515289
-4.95043323850192
-4.950731109789868
-4.951019715056382
-4.951299332978715
-4.951570277068806
-4.951832721499906
-4.9520870494533105
-4.95233340026761
-4.952572087454769
-4.952803320022735
-4.953027341814138
-4.953244361836939
-4.953454589099101
-4.953658232608594
-4.953855536208069
-4.95404667407083
-4.954231785535511
-4.954411149279452
-4.954584869806618
-4.954753156125007
-4.954916147573266
-4.9550740531594
-4.955227012222065
-4.955375164099919
-4.955518648131623
-4.955657638490518
-4.955792274515271
-4.95592269554455
-4.9560490060823525
-4.956171345467353
-4.956289853038226
-4.956404633298974
-4.956515790753601
-4.956623464740788
-4.956727724929866
-4.956828745494198
-4.95692656126844
-4.95702131159128
-4.957113066132055
-4.957201964229456
-4.957288040718144
-4.957371400102136
-4.9574521468854496
-4.957530350737427
-4.95760608132741
-4.957679443159419
-4.957750471068122
-4.9578192695575405
-4.95788590829702
-4.95795042212123
-4.958012915534194
-4.958073458205262
-4.958132050134425
-4.9581888306603865
-4.958243799783143
-4.9585627119674625
-4.9589836815155355
-4.959537813105145
-4.960264444785643
-4.961212615424684
-4.962441794668552
-4.96402073069653
-4.966024927410475
-4.968527645482749
-4.971584282500125
-4.975206701335542
-4.979326881769353
-4.983759476752852
-4.988185022169073
-4.992192238818509
-4.995401191537473
-4.997622127770779
-4.998929417803942
-4.999580197059517
-4.99985585273089
-4.99995699398752
-4.9999900781110815
-5.000000095986943
-5.000003026261927
-5.000003890453095
-5.000004157412719
-5.000004246397325
-5.000004279029968
-5.000004292327413
-5.000004298366867
-5.000004301420367
-5.000004303129195
-5.000004304175438
-5.000004304864069
-5.000004305341825
-5.000004305685044
-5.000004305936962
-5.000004306124154
-5.000004306264187
-5.000004306369316
-5.000004306448351
-5.000004306507812
-5.000004306552555
-5.000004306586216
-5.000004306611534
