5.763111901345258e19
5.775646756031156e19
5.788603648399187e19
5.801997187516326e19
5.815842513619556e19
5.830155316175963e19
5.84495186247005e19
5.860249015138954e19
5.8760642424572125e19
5.892415689716355e19
5.909322134882446e19
5.926803084607178e19
5.944878746666658e19
5.96357009645571e19
5.982898897647729e19
6.0028877314555494e19
6.0235600189177766e19
6.044940075502653e19
6.06705314328706e19
6.089925424182937e19
6.1135841142624444e19
6.138057470948259e19
6.163374826214665e19
6.1895666406001295e19
6.216664582708749e19
6.244701530767834e19
6.273711655308319e19
6.303730471897976e19
6.334794895716033e19
6.366943298080314e19
6.400215589285951e19
6.434653247228905e19
6.470299445376626e19
6.507199053769287e19
6.5453987559643324e19
6.584947235070555e19
6.625894978220057e19
6.668294640067601e19
6.712200984441225e19
6.757671191997828e19
6.804764592825486e19
6.8535431478209044e19
6.904071271044912e19
6.956416071355308e19
7.010647770394683e19
7.066839114655745e19
7.12506630893981e19
7.185408606391995e19
7.247948663836945e19
7.312772735993872e19
7.379970790758013e19
7.449636630235342e19
7.521868279903976e19
7.596767864629219e19
7.674442101545183e19
7.755002278147952e19
7.838564767336168e19
7.925250844488671e19
8.015187402315514e19
8.108506876519159e19
8.205347627289805e19
8.305854244800063e19
8.410177683674145e19
8.518475961005628e19
8.630914042662147e19
8.747664384815856e19
8.868907403549527e19
8.994831679284319e19
9.125634266646946e19
9.26152140384005e19
9.402708766740691e19
9.54942192994278e19
9.701896749100483e19
9.860380057505826e19
1.0025130092675249e20
1.0196416738761033e20
1.0374522794801943e20
1.0559743761925806e20
1.0752388959928743e20
1.0952781963698994e20
1.1161261370655436e20
1.1378181281125546e20
1.1603912222960447e20
1.1838841790170594e20
1.2083375412619475e20
1.2337937263978937e20
1.2602970647264849e20
1.2878939507814253e20
1.3166328650284037e20
1.3465645091628048e20
1.3777418541009676e20
1.4102202816637954e20
1.444057660697903e20
1.479314412277301e20
1.516053659820467e20
1.55434129879024e20
1.5942461528705476e20
1.6358397964720665e20
1.6791973365587404e20
1.72439662435126e20
1.7715190418036317e20
1.8206493505108594e20
1.8718756543660294e20
1.9252898905299855e20
1.9809873912553118e20
2.0390675095251347e20
2.0996331605654582e20
2.162791594533177e20
2.2286537789232254e20
2.2973345938507497e20
2.36895347298767e20
2.4436334352404385e20
2.5215021470645086e20
2.6026912112858956e20
2.6873363164382875e20
2.7755773822074264e20
2.8675583798211045e20
2.963427120173782e20
3.0633355000582655e20
3.167439084208758e20
3.275896803309408e20
3.388871293580404e20
3.5065276852104384e20
3.629034382261716e20
3.756562286213615e20
3.8892839384057794e20
4.027373856302301e20
4.171007585378653e20
4.320360848162224e20
4.475609752417487e20
4.636929466208057e20
4.8044933643754557e20
4.97847289026858e20
5.1590356094455585e20
5.346345534763435e20
5.5405604204812455e20
5.7418319583424414e20
5.950304330297732e20
6.166112464630428e20
6.389380408088177e20
6.62022090222099e20
6.858733445858072e20
7.105001622991638e20
7.359093175372588e20
7.62105746618468e20
7.890923312402627e20
8.168697894517021e20
8.454364781368423e20
8.747882399341798e20
9.049181162498468e20
9.358163337827861e20
9.674700028440504e20
9.998630027215148e20
1.0329758307889914e21
1.066785462237532e21
1.101265176692443e21
1.1363844683633678e21
1.1721089275852515e21
1.2084002551904107e21
1.2452160021346077e21
1.2825097641500465e21
1.3202309702859164e21
1.3583250371766206e21
1.396733348010343e21
1.4353933719787403e21
1.4742387250757354e21
1.5131993063956684e21
1.5522015276565426e21
1.591168465282725e21
1.6300200663733735e21
1.6686734847823543e21
1.7070433397780148e21
1.7450420035234743e21
1.7825799894570566e21
1.819566301817596e21
1.8559088056364216e21
1.8915146816064373e21
1.9262907706640837e21
1.960143972933758e21
1.9929821196519588e21
2.0247133806188115e21
2.0552480608825199e21
2.0844977482652813e21
2.1123769594525212e21
2.1388022543449842e21
2.1636938818167209e21
2.1869755075217808e21
2.208574425083778e21
2.2284224998344538e21
2.2464560825518611e21
2.2626164886186075e21
2.2768501956909534e21
2.2891091707741313e21
2.2993510923482838e21
2.3075395864938716e21
2.31364431114398e21
2.3176412923912866e21
2.319512892085379e21
2.3192479801666904e21
2.31684199021177e21
2.3122969660153156e21
2.3056215713633322e21
2.296831083664703e21
2.2859473214159082e21
2.2729986184674468e21
2.2580195656882628e21
2.2410511814864905e21
2.2221403988764134e21
2.2013400559388663e21
2.1787086172337587e21
2.1543099331841703e21
2.1282128634209205e21
2.1004910795235677e21
2.0712225025750642e21
2.0404894587458473e21
2.0083775426391966e21
1.9749754214263006e21
1.9403751854324234e21
1.9046704162561872e21
1.8679572688040417e21
1.8303325719672057e21
1.7918948739435588e21
1.7527422425009257e21
1.7129731975332574e21
1.6726857381022817e21
1.6319766896766516e21
1.590941245268444e21
1.549673359561319e21
1.5082639254603424e21
1.4668018312278494e21
1.4253725733532216e21
1.3840585664214802e21
1.342938866398519e21
1.3020880274454613e21
1.261577201356807e21
1.2214730667608968e21
1.1818378933815804e21
1.1427298780751116e21
1.1042021497977873e21
1.0663038549083246e21
1.029079452188702e21
9.925684907844184e20
9.568065611551639e20
9.218246702237963e20
8.876500075383186e20
8.54304915206071e20
8.21808372107804e20
7.901752275888583e20
7.594172465960212e20
7.295419400001572e20
7.005542869656041e20
6.72456023972928e20
6.452460481816623e20
6.189206021199268e20
5.934736677793677e20
5.6889693596603797e20
5.451801938983042e20
5.2231129532153076e20
5.0027673377354763e20
4.7906140173535635e20
4.586489514682644e20
4.390221331121911e20
4.20162552363666e20
4.020511862363225e20
3.8466849744623796e20
3.6799418816541485e20
3.520078500566868e20
3.3668852977803906e20
3.2201551426262034e20
3.0796772021192314e20
2.945241182480228e20
2.8166379730517118e20
2.6936633450419615e20
2.576110532615913e20
2.4637786382535452e20
2.3564683368178726e20
2.2539867142124732e20
2.156140212429851e20
2.0627450488113073e20
1.973618716701899e20
1.8885844622850828e20
1.8074699988767215e20
1.730108921631239e20
1.6563394185189153e20
1.5860055830032718e20
1.518956130496061e20
1.4550456206816087e20
1.3941320198017283e20
1.3360802449803705e20
1.280760797347946e20
1.2280485243022864e20
1.1778215024316205e20
1.1299653273775342e20
1.084368591226394e20
1.040925978575463e20
9.99535001928957e19
9.600989682571715e19
9.225238262312093e19
8.86721957373076e19
8.526071908526708e19
8.200985377736291e19
7.891190423341503e19
7.595947399707022e19
7.314554378705853e19
7.04632861554654e19
6.7906397604955636e19
6.5468659570981044e19
6.314442702330018e19
6.092811897548023e19
5.88143802578017e19
5.67983029133249e19
5.487509944224367e19
5.304017630057916e19
5.1289345047669e19
4.961851226228574e19
4.802360911126902e19
4.650115048055579e19
4.504744627284922e19
4.365929438331648e19
4.233342019855695e19
4.106687792311189e19
3.985677410138843e19
3.870039453596628e19
3.759513283883922e19
3.6538547817654133e19
3.5528355162971156e19
3.456229973481834e19
3.3638215189794566e19
3.275425383602635e19
3.1908407185596977e19
3.1098859257271247e19
3.0324032383158776e19
2.958212994015925e19
2.887175415317104e19
2.819134150664308e19
2.7539548492424364e19
2.6915027960509993e19
2.631653488858648e19
2.5742869580644393e19
2.519287577874936e19
2.466554037161671e19
2.4159785415051215e19
2.3674620982784225e19
2.3209141045856375e19
2.2762470822634914e19
2.2333765469231768e19
2.1922208804937626e19
2.1527059550832947e19
2.1147600988840632e19
2.078309326214389e19
2.0433005665653854e19
2.0096549061725282e19
1.9773278108706755e19
1.946253551353283e19
1.9163818797315154e19
1.887659633862443e19
1.860039669446989e19
1.8334762458253912e19
1.8079249660704684e19
1.783338392779184e19
1.7596790265682776e19
1.7369146964862218e19
1.7149971662829398e19
1.693900573231065e19
1.6735871970370335e19
1.6540286393330948e19
1.6351889640763957e19
1.6170413809283983e19
1.599559781400914e19
1.5827187102638068e19
1.566489280668423e19
1.5508473216014928e19
1.535769230459597e19
1.5212359463746974e19
1.507224873744107e19
1.4937139154523277e19
1.4806853952073906e19
1.4681220233660432e19
1.4560029680047534e19
1.444315608253248e19
1.4330359532024656e19
1.4221559225495595e19
1.411656067518782e19
1.4015249689723478e19
1.3917437822106092e19
1.3823054229618256e19
1.3731953599512087e19
1.364399308793155e19
1.3559069969871813e19
1.3477083302016008e19
1.3397896302739952e19
1.33214491289252e19
1.3247608397288366e19
1.3176279856249385e19
1.3107407804612626e19
1.304086342276033e19
1.297655651309445e19
1.2914471839099857e19
1.28544475249239e19
1.2796470299077165e19
1.2461478062660082e19
