4.8457043921309366e-5
4.8493987934061555e-5
4.853558808210737e-5
4.8549087057400255e-5
4.863928581815096e-5
4.8592745106714194e-5
4.8714454830592204e-5
4.8700868620744584e-5
4.87578840315563e-5
4.880841116900678e-5
4.887268599796427e-5
4.89119492042122e-5
4.9035920643763435e-5
4.9079093554761115e-5
4.9109850958806804e-5
4.9288838471161174e-5
4.934532295438811e-5
4.956579924328921e-5
4.9722499331236335e-5
4.999992364593992e-5
5.025472980951953e-5
5.065133254031019e-5
5.103057003831955e-5
5.163148933571794e-5
5.231791947544452e-5
5.326860855278058e-5
5.443754867783265e-5
5.5908924438952255e-5
5.781690824278718e-5
6.0099794816281986e-5
6.321510570007518e-5
6.712895185058273e-5
7.213484785159183e-5
7.853775122564141e-5
8.694009411227413e-5
9.751242256110325e-5
0.00011113304651051157
0.00012866433953103216
0.0001512914850743195
0.0001803837490198528
0.00021770888780176765
0.0002658997806941451
0.0003280380265863076
0.00040804172572042363
0.0005112178259986506
0.0006442738440913055
0.000815642110417522
0.0010365685633323153
0.0013210772599940282
0.0016872783448795795
0.002158129278957235
0.002762669061968417
0.0035371771936304067
0.0045266696017025295
0.005785833981324803
0.007380006214075238
0.009384488100727157
0.011882412754541601
0.014958779923226162
0.01869049645070625
0.023130978440418358
0.028291666551421294
0.03412643841213501
0.040529881115455406
0.047359465526016935
0.05448180804169114
0.06182456485068684
0.06941312608998339
0.07737688264463731
0.08593964243951376
0.0954083290525515
0.10617663878191648
0.1187470534298012
0.13377660776599248
0.15215019271112915
0.1750919879011993
0.20433289256500067
0.24236269645504255
0.29281531632912
0.3610575156006788
0.455097902505006
0.5869958591551087
0.7750509108131911
1.0472149591663702
1.4464158653137884
2.0388640542222634
2.926997009143387
4.26959148685052
6.312856403133263
9.438082100298795
14.233663692374964
21.601564641845712
32.9091392423107
50.19325027935843
76.40835736579409
115.67576563338781
173.43809176383124
256.3850875275308
372.0795287433601
528.4424405156749
