649733.606897815
651305.7475263657
652931.8263620376
654613.7792457232
656353.6171166197
658153.4289328778
660015.3859666958
661941.7447648193
663934.8492512539
665997.1405935177
668131.1525527436
670339.5246025492
672624.9995401154
674990.4330552336
677438.7976087771
679973.1874960981
682596.8231314977
685313.0595490596
688125.3921926725
691037.4629732156
694053.0666113736
697176.1613319799
700410.8728544976
703761.5037684025
707232.5463878455
710828.6858570735
714554.813873692
718416.0388506032
722417.6965977777
726565.3615610753
730864.8617949309
735322.2873014173
739944.0116083296
744736.6973516464
749707.3173281747
754863.1851308945
760211.936615221
765761.5847808756
771520.5203606229
777497.5610469095
783701.9260302833
790143.3097247455
796831.8697809838
803778.2712763563
810993.755755641
818490.0777568625
826279.6449242779
834375.4808706137
842791.291509457
851541.5118416776
860641.3440620746
870106.7984356331
879954.7729599943
890203.0658329275
900870.4746543048
911976.8284805119
923543.0969795889
935591.4070758069
948145.1878131065
961229.210517975
974869.6970504109
989094.4231576219
1.0039328035655979e6
1.0194160637832605e6
1.0355773040074086e6
1.0524516640736337e6
1.070076487805363e6
1.0884914589682904e6
1.1077387628686554e6
1.1278633189346867e6
1.1489129603582707e6
1.1709386588011587e6
1.1939947537465314e6
1.2181392476311435e6
1.2434340811436458e6
1.2699454019585147e6
1.2977440171071643e6
1.326905644811893e6
1.3575114031105689e6
1.389648227931688e6
1.4234093820307385e6
1.4588949609800328e6
1.496212519144935e6
1.535477703699424e6
1.576814970129085e6
1.6203583889955499e6
1.666252438673674e6
1.7146530760081206e6
1.7657286790421093e6
1.8196612931398703e6
1.876647842746208e6
1.9369016457386182e6
2.0006539624671966e6
2.0681556908533527e6
2.1396794138121675e6
2.215521512367579e6
2.296004693020371e6
2.3814801116777323e6
2.4723317722031022e6
2.5689780577234174e6
2.671876906294047e6
2.7815295115011125e6
2.898484733540211e6
3.023345301984916e6
3.156772567874978e6
3.299494477865876e6
3.4523118480298654e6
3.6161086505657006e6
3.7918599763528826e6
3.9806432576406654e6
4.183652316218387e6
4.40220866165735e6
4.637780434820675e6
4.891998590016992e6
5.166678079000886e6
5.463842127109587e6
5.785748963230478e6
6.134922359471463e6
6.514188480268035e6
6.92671578950998e6
7.376061460626982e6
7.866227775135478e6
8.40172048441311e6
8.98762558594484e6
9.62969117763185e6
1.0334421867119694e7
1.1109195146714818e7
1.196239005847865e7
1.2903537645613538e7
1.3943503881342638e7
1.5094693945427919e7
1.6371294731946047e7
1.7789565749538835e7
1.93681667357077e7
2.1128563789334036e7
2.309548069289157e7
2.5297461107794754e7
2.7767518869127493e7
3.0543905374244332e7
3.3671021868767336e7
3.720052366940927e7
4.119261663850463e7
4.57175900985666e7
5.085770143477706e7
5.6709388259285785e7
6.338592732195224e7
7.102065862562951e7
7.97708493973686e7
8.982237082919745e7
1.0139530183797735e8
1.1475081653983712e8
1.301994246342665e8
1.4811105696891215e8
1.6892732544552448e8
1.9317647293602344e8
2.2149159386848092e8
2.5463296915959725e8
2.935153911082208e8
3.392418312349931e8
3.931444402234699e8
4.5683558744214356e8
5.3227012394394654e8
6.218227925637692e8
7.283835270568831e8
8.554756453352497e8
1.0074020444697703e9
1.1894266441585157e9
1.4080000775255477e9
1.6710398072635744e9
1.9882786825868154e9
2.371699967106145e9
2.8360790248274245e9
3.399658958511394e9
4.0849952523134155e9
4.9200103844282465e9
5.9393118980675955e9
7.185842887448168e9
8.712943038933496e9
1.0586926748611452e10
1.2890342821826105e10
1.5725951024747513e10
1.9221882703252464e10
2.353786020041048e10
2.887326961631128e10
3.547686310929e10
4.3659366249610214e10
5.3808853697066185e10
6.640991331665796e10
8.206797211043188e10
1.0153909405383765e11
1.2576738935906235e11
1.5593126092768805e11
1.935009635992394e11
2.40309806886965e11
2.98642427488541e11
3.713426434288932e11
4.6194884605936475e11
5.748571687489426e11
7.155241184915211e11
8.907128696043109e11
1.10879475931917e12
1.3801155570722695e12
1.7174395095332122e12
2.1364877827620847e12
2.6565842773816875e12
3.301440205133578e12
4.100072857519442e12
5.087931223102718e12
6.308208246134331e12
7.813405100609886e12
9.667170453477074e12
1.1946467036394715e13
1.4744085144543459e13
1.817159805038624e13
2.2362692193931277e13
2.7477157544393848e13
3.370535674161363e13
4.127315977381104e13
5.044800228196186e13
6.1545045225358414e13
7.493481394704766e13
9.105079498116497e13
1.1039899318097789e14
1.33567202085915e14
1.612358249458844e14
1.9418955958795988e14
2.3332990760349656e14
2.7968753715373216e14
3.344376106918331e14
3.9891274644819756e14
4.7461929765972175e14
5.63251820771938e14
6.667081875823602e14
7.871072992234901e14
9.268009050690158e14
1.0883903331009441e15
1.274739820313092e15
1.48898663378125e15
1.7345566748361682e15
2.0151673112399142e15
2.3348376498831485e15
2.6978962017261425e15
3.1089744752619115e15
3.5730115401498305e15
4.0952402777298465e15
4.68119557358598e15
5.336682104103565e15
6.067772992043506e15
6.880770166927924e15
7.782213941437431e15
8.778815557078508e15
9.877448282808526e15
1.10851074687092e16
1.2408873677429556e16
1.3855861466131964e16
1.543318643550771e16
1.714790836362038e16
1.9006999068896588e16
2.1017263408072584e16
2.3185322866879264e16
2.5517553936217896e16
2.802001690198473e16
3.069845609966213e16
3.355821075475282e16
3.660416575423645e16
3.9840777060391464e16
4.327194168321001e16
4.6901072339314744e16
5.07309147120985e16
5.476368397129439e16
5.900097262741737e16
6.344373612423238e16
6.809216102494034e16
7.294594872077802e16
7.80040310186627e16
8.326476031387874e16
8.872570752739944e16
9.438406006895437e16
1.0023609050721448e17
1.0627765959546958e17
1.125040008137206e17
1.1890984112223277e17
1.2548933249924035e17
1.3223619048232158e17
1.3914361992698874e17
1.462044705101643e17
1.5341115456674925e17
1.6075596409153734e17
1.6823070777084982e17
1.758268641310561e17
1.835357744324254e17
1.913488773262415e17
1.992570850603499e17
2.072514879111128e17
2.153228658057857e17
2.2346228126663494e17
2.3166054498380723e17
2.3990884939671098e17
2.4819796183404627e17
2.5651932532709046e17
2.6486422514545712e17
2.732240087249992e17
2.8159034833266854e17
2.8995502184022394e17
2.9831045573501805e17
3.066486909023723e17
3.149627307352809e17
3.2324489408327456e17
3.314884966622621e17
3.3968733943222835e17
3.478347898281833e17
3.5592498373639674e17
3.639525545526107e17
3.719116424413672e17
3.79797179152856e17
3.876052906751235e17
3.953305180114178e17
4.02969631950645e17
4.1051810050203245e17
4.17972953403616e17
4.253305808770635e17
4.325882058097438e17
4.397431255135703e17
4.467930872019813e17
4.537358796783606e17
4.6056930339018854e17
4.672919866086696e17
4.7390298680176294e17
4.804000494970627e17
4.867830148770269e17
4.930512537665923e17
4.992031552933083e17
5.0523970001693626e17
5.111595031185406e17
5.169633290459548e17
5.226508813045223e17
5.282226329904918e17
5.3367888157352416e17
5.390202073091607e17
5.442474684952832e17
5.4936080177063136e17
5.543615784875696e17
5.592509264540948e17
5.6402970212357555e17
5.686989787895969e17
5.732600418848602e17
5.777143840549988e17
5.820631731694391e17
5.863077585392449e17
5.904502008888634e17
5.944905954235793e17
5.984324117049779e17
6.0227550871358e17
6.060225912859246e17
6.096748763584403e17
6.132342591219564e17
6.167022089081468e17
6.200803109531194e17
6.233702629526112e17
6.265744387484767e17
6.296941890045376e17
6.327303822069769e17
6.35686265589315e17
6.385623130602995e17
6.413608013479418e17
6.440829305676475e17
6.467311384552852e17
6.49306770674365e17
6.518112348060351e17
6.542459983169317e17
6.566131808843941e17
6.589143699282089e17
6.611512063649224e17
6.633247822189498e17
6.654368338013338e17
6.674891454355679e17
6.694829415664723e17
6.71419483891559e17
6.73300679501333e17
6.751272545162513e17
6.769017998420123e17
6.786244938468209e17
6.80297380450106e17
6.81921304560283e17
6.834983709202308e17
6.850288568580748e17
6.865142976466113e17
6.879562537953882e17
6.893556859619839e17
6.907135729533507e17
6.920315374610086e17
6.933099684785882e17
6.945505238391191e17
6.957542514717644e17
6.969215831646988e17
6.980542244223523e17
6.991532655571732e17
7.002185421619927e17
7.012524337383473e17
7.022547965466157e17
7.080954093080596e17
