-3.840469264056134
-3.840469263886245
-3.840469263696873
-3.840469263485776
-3.8404692632504736
-3.8404692629882273
-3.8404692626959434
-3.8404692623702137
-3.840469262007244
-3.840469261602818
-3.8404692611522244
-3.8404692606502553
-3.840469260091121
-3.8404692594683962
-3.8404692587749527
-3.840469258002878
-3.840469257143427
-3.840469256186886
-3.840469255122548
-3.840469253938554
-3.8404692526218356
-3.8404692511579563
-3.840469249531034
-3.8404692477236244
-3.8404692457165575
-3.8404692434888403
-3.840469241017519
-3.8404692382775685
-3.8404692352417653
-3.840469231880588
-3.840469228162145
-3.840469224052074
-3.8404692195135657
-3.8404692145073533
-3.8404692089918187
-3.840469202923091
-3.840469196255282
-3.840469188940866
-3.8404691809310343
-3.840469172176362
-3.840469162627426
-3.8404691522357397
-3.840469140954802
-3.8404691287412374
-3.8404691155562096
-3.840469101366909
-3.84046908614814
-3.84046906988402
-3.8404690525696648
-3.8404690342127834
-3.8404690148351013
-3.8404689944736217
-3.840468973181391
-3.8404689510279524
-3.84046892809915
-3.840468904496452
-3.840468880335526
-3.8404688557443634
-3.8404688308606834
-3.8404688058290217
-3.840468780797448
-3.8404687559142583
-3.8404687313252253
-3.8404687071732444
-3.8404686836069963
-3.840468660821394
-3.8404686392071783
-3.8404686198507054
-3.8404686060834328
-3.8404686079380776
-3.84046865399623
-3.840468820382046
-3.8404692958012894
-3.8404705147365146
-3.8404734054368648
-3.8404798076227418
-3.8404931046306245
-3.8405190735640327
-3.8405668802895514
-3.84065004550573
-3.840787115413005
-3.8410017263894547
-3.8413217962592436
-3.8417777178305896
-3.8423996529969475
-3.8432142704083074
-3.844241465080131
-3.8454916606623004
-3.8469642068074483
-3.8486471424989848
-3.850518306166124
-3.8525474958814234
-3.8546992261253377
-3.856935605748596
-3.8592189476506014
-3.861513851701361
-3.863788666218213
-3.866016345652794
-3.8681747967670224
-3.8702468153312823
-3.8722197656954225
-3.874085090097194
-3.8758377413282
-3.8774755988086747
-3.8789989099668576
-3.880409779274835
-3.881711719981548
-3.882909270471201
-3.8840076730295463
-3.8850126123624813
-3.8859300066468254
-3.886765843594878
-3.887526053250201
-3.888216416399295
-3.888842495433728
-3.889409588605066
-3.8899227001103704
-3.8903865236881665
-3.8908054360325366
-3.89086031062322
-3.8909169113293043
-3.8909752902539907
-3.8910355009420576
-3.891097598403134
-3.8911616391298094
-3.89122768115884
-3.8912957840784705
-3.891366008999457
-3.8914384187924607
-3.8915130778066755
-3.8915900522054696
-3.891669409749413
-3.8917512199887536
-3.891835554246954
-3.891922485635728
-3.8920120890331136
-3.8921044411945003
-3.892199620757767
-3.892297708245021
-3.8923987860608276
-3.8925029386214582
-3.8926102522435473
-3.892720815197653
-3.892834717857232
-3.892952052507412
-3.8930729134845357
-3.893197397175986
-3.893325602014773
-3.893457628468719
-3.893593579122957
-3.8937335585250072
-3.8938776734194023
-3.894026032448862
-3.894178746309888
-3.894335928158397
-3.8944976924780765
-3.8946641561571833
-3.8948354378637062
-3.8950116588349175
-3.8951929414050652
-3.895379410419836
-3.8955711920735676
-3.8957684143417404
-3.8959712080231235
-3.8961797039843606
-3.8963940360785694
-3.896614339007521
-3.896840749010339
-3.8970734039063464
-3.8973124428170016
-3.897558005881996
-3.8978102348809647
-3.8980692720097116
-3.8983352607826944
-3.898608345099127
-3.8988886701074548
-3.899176380660156
-3.899471622744358
-3.899774542216764
-3.900085285018159
-3.9004039970749926
-3.9007308236132525
-3.9010659101916327
-3.9014094011280216
-3.9017614399386122
-3.902122169462884
-3.9024917311327463
-3.9028702645293643
-3.9032579080347793
-3.903654798080763
-3.9040610689509205
-3.9044768523073348
-3.9049022775163698
-3.9053374711538695
-3.9057825559968404
-3.9062376526294345
-3.90670287711535
-3.9071783420690234
-3.9076641558990386
-3.908160422823626
-3.9086672421336135
-3.9091847084595104
-3.909712911288191
-3.910251934735947
-3.9108018575617822
-3.9113627520037166
-3.9119346849913628
-3.9125177165347056
-3.913111900470844
-3.9137172833741825
-3.9143339053030033
-3.9149617991883336
-3.915600990052215
-3.916251495773502
-3.9169133263365365
-3.917586484590755
-3.918270961451194
-3.918966746992381
-3.919673815653356
-3.9203921373150297
-3.921121673025968
-3.921862372994621
-3.922614182279635
-3.923377033085775
-3.9241508523110644
-3.924935554128357
-3.925731049137734
-3.926537235356128
-3.9273540003171754
-3.928181228077041
-3.9290187873928315
-3.9298665438516647
-3.9307243516791854
-3.9315920558217217
-3.93246949388337
-3.933356494879516
-3.9342528781649295
-3.935158456931344
-3.9360730356349714
-3.9369964091590828
-3.9379283676889547
-3.9388686888501026
-3.939817146820617
-3.9407735087019398
-3.9417375313333793
-3.9427089673845535
-3.943687562156932
-3.9446730520175812
-3.9456651702454155
-3.9466636429218287
-3.947668188790023
-3.94867852370394
-3.949694354711198
-3.950715387849098
-3.9517413192257878
-3.952771842766768
-3.9538066489986003
-3.9548454230352714
-3.95588784384485
-3.956933589404719
-3.95798233475745
-3.9590337476079136
-3.960087496172493
-3.961143245611041
-3.9622006566588444
-3.963259388693018
-3.964319099190397
-3.9653794449125304
-3.9664400782636746
-3.967500653411711
-3.968560821883693
-3.969620234660111
-3.970678542611363
-3.9717353969195273
-3.972790448099093
-3.973843347210364
-3.9748937456315776
-3.9759412981361937
-3.9769856573534286
-3.978026480757078
-3.9790634252518493
-3.9800961513808533
-3.981124321788229
-3.9821476027359846
-3.983165663212429
-3.984178175252783
-3.9851848158337093
-3.986185265920302
-3.987179210142471
-3.9881663390205726
-3.9891463484594483
-3.9901189392954826
-3.9910838187743294
-3.9920407004557283
-3.9929893041153166
-3.9939293574115147
-3.9948605943021587
-3.9957827544798317
-3.996695595736362
-3.9975988657424053
-3.9984923401712598
-3.9993757863469814
-4.000248999294551
-4.001111762227777
-4.001963885191435
-4.002805185103016
-4.003635478639456
-4.004454603670757
-4.005262404209725
-4.006058737029316
-4.006843467687178
-4.007616473377206
-4.008377642279518
-4.009126876034345
-4.009864079768725
-4.01058917998039
-4.01130210828944
-4.012002809854611
-4.01269123958639
-4.013367364260811
-4.01403116165753
-4.014682619752176
-4.015321738585635
-4.015948526747227
-4.01656300833215
-4.017165209212854
-4.0177551716290285
-4.018332945606474
-4.018898590673211
-4.019452175052633
-4.019993777207777
-4.020523482696437
-4.021041387975405
-4.0215475906906315
-4.022042202409954
-4.022525343194254
-4.02299713036066
-4.0234576991505975
-4.023907180955148
-4.02434572144679
-4.024773461636734
-4.025190557486799
-4.0255971633511844
-4.025993437588119
-4.026379543980489
-4.026755651199091
-4.027121925038274
-4.027478540987882
-4.02782567104868
-4.028163492530972
-4.028492182383913
-4.028811917062861
-4.029122879150113
-4.029425246856052
-4.029719200721654
-4.030004921726676
-4.030282587924633
-4.030552380852784
-4.0308144773654595
-4.0310690544554255
-4.031316290692491
-4.031556359959083
-4.031789436138695
-4.0320156885637495
-4.032235289571726
-4.032448405514297
-4.0326552027980584
-4.032855842089182
-4.0330504870878885
-4.033239294479807
-4.033422419821423
-4.033600016183433
-4.033772234244613
-4.033939221020473
-4.034101121364857
-4.03425807671628
-4.034410226571761
-4.034557705927463
-4.034700648088455
-4.034839183445711
-4.034973438308518
-4.03510353764304
-4.03522960259225
-4.0353517506341
-4.035470098253254
-4.035584757249635
-4.035695838653971
-4.035803447839348
-4.035907689646953
-4.036008665993737
-4.036106475995252
-4.036201213664513
-4.03629297410444
-4.036381847534952
-4.036467923031796
-4.036551285040702
-4.0366320194264995
-4.036710205263328
-4.036785922042291
-4.036859246210532
-4.0369302524351225
-4.036999012525781
-4.037065596680147
-4.0371300724087575
-4.037192505763088
-4.0372529602628955
-4.037311499239229
-4.037368182490121
-4.037423067498745
-4.0374762106229936
-4.037527668259228
-4.037577492423547
-4.037625735283426
-4.037672445866994
-4.037717673441574
-4.037761464239407
-4.037803864811672
-4.0378449176772735
-4.037884666847571
-4.037923153480682
-4.037960417022935
-4.037996496330951
-4.038031428618417
-4.038065251646139
-4.038097999437034
-4.038129707692704
-4.038160407374179
-4.0381901311701665
-4.038218911362943
-4.038246776657053
-4.038273756471204
-4.038299879884446
-4.038325172479153
-4.038349660605003
-4.038373372436464
-4.038396329551327
-4.038418558548548
-4.038440080529075
-4.038460919525085
-4.03848109621134
-4.038500632114673
-4.038519547529306
-4.03853786257385
-4.038555596158769
-4.038572766000311
-4.03858939070926
-4.038605488754596
-4.038621074327988
-4.0386361656473975
-4.038650778740256
-4.0386649264276056
-4.038678626594002
-4.038691890834241
-4.038704734779954
-4.038717170885991
-4.0387292125579695
-4.038740872098136
-4.038752161738798
-4.038763093645446
-4.03877367787153
-4.038783926462434
-4.038793850382565
-4.03880345952167
-4.038812763721916
-4.038821772779989
-4.038830496449134
-4.038838943421887
-4.038847122353659
-4.038855042882408
-4.038862710540089
-4.038870136934475
-4.038877326521283
-4.038884288814436
-4.0388910302515
-4.0388975582618984
-4.038903879236798
-4.038909999546414
-4.038915925540938
-4.038921664564459
-4.038927221915901
-4.038932601866245
-4.038937812720247
-4.038942857706445
-4.0389477430759015
-4.038952473043673
-4.038957053834444
-4.038961489639508
-4.038965784640083
-4.038969943007748
-4.03897396991396
-4.03897786951138
-4.038981645944304
-4.038985302340793
-4.03898884283033
-4.038992271535081
-4.038995591562761
-4.038998806015411
-4.03900191899663
-4.039004932590376
-4.039007851896202
-4.039010677981873
-4.03901341493073
-4.039016064809134
-4.0390186316915955
-4.0390211166313
-4.039023522689901
-4.03902585292545
-4.039028109387546
-4.039030294123189
-4.039032410181584
-4.039034458599849
-4.039036442422231
-4.039038363685972
-4.03904022342215
-4.039042024668366
-4.039043769455957
-4.039045457807048
-4.039047093757407
-4.039048677326299
-4.039057848179996
-4.039069905402583
-4.039085692745591
-4.039106250749747
-4.0391328321518225
-4.039166882004969
-4.039209947577075
-4.039263533228188
-4.03932877517481
-4.039405978885889
-4.039494017542977
-4.039589712764326
-4.039687546412392
-4.039780121217173
-4.039859728945006
-4.039920728859515
-4.039961596770163
-4.039985170133918
-4.039996781761849
-4.040001677322458
-4.0400034702852725
-4.040004056280068
-4.04000423352493
-4.0400042852080045
-4.040004300303293
-4.040004304838575
-4.040004306244958
-4.040004306678409
-4.040004306793992
-4.040004306803538
-4.040004306779844
-4.040004306748872
-4.040004306719708
-4.0400043066950735
-4.040004306675277
-4.040004306659786
-4.0400043066478455
-4.040004306638725
-4.040004306631797
-4.040004306626553
-4.040004306622594
-4.040004306619608
-4.040004306617359
-4.040004306615666
-4.040004306614393
