2.2697711255355024e23
2.2642922866070706e23
2.2586532330231208e23
2.252849890454404e23
2.2468781199932695e23
2.2407337210098797e23
2.234412430105929e23
2.227909925492976e23
2.2212218350440797e23
2.2143437192466087e23
2.2072711038186847e23
2.199999453912928e23
2.1925242010728162e23
2.184840731684489e23
2.1769443955371193e23
2.1688305116852015e23
2.1604943780391913e23
2.151931268881026e23
2.1431364426364888e23
2.1341051502600058e23
2.1248326442365794e23
2.1153141759259228e23
2.1055450153381887e23
2.0955204560578284e23
2.0852358119889665e23
2.0746864452762533e23
2.063867764549579e23
2.052775236228051e23
2.0414043965990702e23
2.0297508646662835e23
2.0178103470952746e23
2.005578664367765e23
1.9930517430324483e23
1.9802256548788338e23
1.9670966165726363e23
1.9536609686736235e23
1.939915286372518e23
1.9258563010343362e23
1.9114809676343655e23
1.8967864128394747e23
1.881770072583005e23
1.8664295881635497e23
1.850762917028593e23
1.8347683106716187e23
1.8184442451534387e23
1.801789657668146e23
1.7848037248838853e23
1.767486048066367e23
1.7498366104288887e23
1.7318557866290576e23
1.7135443766726045e23
1.694903638815869e23
1.6759352530997403e23
1.6566414239155602e23
1.63702482072481e23
1.6170886555576045e23
1.5968366264485088e23
1.5762730354403718e23
1.555402689437768e23
1.5342309943126635e23
1.512763940469224e23
1.491008109694302e23
1.4689707198889168e23
1.4466595514970222e23
1.4240830482880291e23
1.401250279187505e23
1.3781709210694972e23
1.3548552945688981e23
1.3313143769115937e23
1.3075597443579972e23
1.28360360086922e23
1.259458768636133e23
1.2351386920852006e23
1.2106573921979394e23
1.1860294673610472e23
1.1612701183719094e23
1.1363950246391095e23
1.111420437753357e23
1.0863630827717829e23
1.0612401582969455e23
1.0360692922682034e23
1.0108685339582766e23
9.85656292306696e22
9.604513105874718e22
9.352726257553473e22
9.101395151390694e22
8.850714949606068e22
8.600882090864906e22
8.352094442708506e22
8.104550388172611e22
7.85844869923069e22
7.613987631497305e22
7.371364589745522e22
7.130775829609801e22
6.892415564663383e22
6.656475666040621e22
6.423144816079074e22
6.192609568755502e22
5.965050026547283e22
5.7406442757823e22
5.519564145978762e22
5.301976136999087e22
5.08804148030276e22
4.877913997416257e22
4.671741859997154e22
4.469665037461018e22
4.271816890986496e22
4.078321437938796e22
3.8892953100402425e22
3.70484680453344e22
3.52507403207645e22
3.3500673025256257e22
3.1799062391789764e22
3.014661353016258e22
2.854393389794204e22
2.699152833648326e22
2.5489800562072447e22
2.403905409271565e22
2.263948610870072e22
2.129119185667128e22
1.9994165859641478e22
1.8748295659494415e22
1.7553373587375288e22
1.640908582107794e22
1.5315019442401327e22
1.4270667932274228e22
1.3275426632989564e22
1.2328599402758072e22
1.1429403035058615e22
1.05769653552287e22
9.770333276415529e21
9.008476978035292e21
8.290291237956981e21
7.614604976042254e21
6.980181262460314e21
6.385728963526005e21
5.829903762880549e21
5.311315607240201e21
4.828536371633505e21
4.380106711847348e21
3.9645406693218724e21
3.580333820642465e21
3.2259718233831595e21
2.8999345600596526e21
2.6007045527497804e21
2.326774070812572e21
2.0766508324565754e21
1.848864573117082e21
1.641972857362519e21
1.4545674171211516e21
1.2852781719107687e21
1.1327787933300218e21
9.957905075292838e20
8.730856995049138e20
7.634909543104363e20
6.658896381646597e20
5.792236388483246e20
5.0249468045115294e20
4.347648396406584e20
3.751570998399831e20
3.2285454470204214e20
2.7709985286125788e20
2.3719379867448305e20
2.0249367505861368e20
1.7241123657630102e20
1.4641044344915827e20
1.2400491988138992e20
1.0475520780990608e20
8.826596129742394e19
7.418303057073306e19
6.219047629960774e19
5.200763815588821e19
4.338623469661992e19
3.6107518022157754e19
2.997954774222229e19
2.483458409887823e19
2.052661123060967e19
1.6929029928395276e19
1.3932499445584857e19
1.1442910236838963e19
9.37963798219857e18
7.673776195068871e18
6.266717935099007e18
5.108733562015453e18
4.1578241496488233e18
3.3785941712581955e18
2.741333396002634e18
2.2211855490954688e18
1.7974061330259144e18
1.4527430889670525e18
1.172887204021619e18
9.460047247042944e17
7.623345007094646e17
6.138460010912076e17
4.939484684888468e17
3.972469355830564e17
3.193329460958115e17
2.5661373583302714e17
2.061663638286059e17
1.6561764267213603e17
1.3304403177589432e17
1.0688908094325893e17
8.589533387659163e16
6.904827425112193e16
5.553053479447117e16
4.468422387693361e16
3.5980588996397584e16
2.8994844388981244e16
2.3386118484727828e16
1.888104194427845e16
1.5260509311915008e16
1.2348977274919342e16
1.0005866220701514e16
8.118604822815919e15
6.597089777210105e15
5.369162890174294e15
4.377047887888792e15
3.5744915966954565e15
2.9244198239004985e15
2.3971333797304725e15
1.9688070717706392e15
1.6203335910285265e15
1.3363626184593752e15
1.1045635656670128e15
9.150186650272128e14
7.597424743392114e14
6.322989831473834e14
5.2749725311811444e14
4.41142035876152e14
3.6984154538267456e14
3.1084801019707444e14
2.619332233956936e14
2.2128753803272472e14
1.8743825018957847e14
1.5918604984967297e14
1.3555201221623816e14
1.1573592665498336e14
9.908273232777628e13
8.50548821627404e13
7.321086751890483e13
6.318716342725405e13
5.468386070954084e13
4.745326371280548e13
4.129026327271489e13
3.602479382873069e13
3.1515407461593566e13
2.7644402162482863e13
2.4313531385146934e13
2.144070964584526e13
1.895709972726847e13
1.6804980164198729e13
1.4935784852041832e13
1.330858271941347e13
1.1888806940586465e13
1.064721558756063e13
9.559010553949709e12
8.603127804667269e12
7.761630832508323e12
7.019228793344074e12
6.362846856898412e12
5.781288646301758e12
5.264951816558539e12
4.805575250352412e12
4.3960463756417866e12
4.030228952100319e12
3.7028116717390264e12
3.4091982504491064e12
3.1453943776063696e12
2.907933341308985e12
2.6937901975059604e12
2.5003255503701196e12
2.325232089580623e12
2.1664930005146646e12
2.0223326891590918e12
1.8911941889151155e12
1.7717047425280916e12
1.6626565434894634e12
1.5629778197749321e12
1.47172552874804e12
1.3880606821771992e12
1.3112393635140103e12
1.2405997097533606e12
1.1755529931247195e12
1.1155736705670142e12
1.060192844157033e12
1.0089905803591416e12
9.615911101724121e11
9.176560103497037e11
8.768824550678431e11
8.389983021782144e11
8.037579063850526e11
7.70938538654612e11
7.403406631989396e11
7.117827093422913e11
6.851011034179921e11
6.601465072341031e11
6.36784136097853e11
6.148905293369617e11
5.943546088338793e11
5.750737455821793e11
5.569550184301122e11
5.399137271267833e11
5.238721087449732e11
5.087591462027339e11
4.9450902315508167e11
4.810624078430503e11
4.6836368709433075e11
4.5636314578814496e11
4.450139644647336e11
4.342727817090813e11
4.241005446647832e11
4.144606047691152e11
4.053188923658461e11
3.9664477718136786e11
3.884093532157758e11
3.80584961620599e11
3.731478032909423e11
3.6607395200406665e11
3.593426414750033e11
3.52933441737852e11
3.4682812719818695e11
3.410092646520673e11
3.354607629691677e11
3.301674718596535e11
3.251154062481623e11
3.202916600538567e11
3.156837564548622e11
3.1127989847704834e11
3.0707003181103064e11
3.030435321668657e11
2.9919086440580756e11
2.9550377762080756e11
2.919731096203136e11
2.8859171013556323e11
2.8535173846810876e11
2.8224648630618713e11
2.792693011335488e11
2.7641407963323785e11
2.736749879058119e11
2.710464441389649e11
2.685235885407813e11
2.66101282802538e11
2.6377483504118915e11
2.6153997638048984e11
2.5939260478478976e11
2.5732877489815863e11
2.5534468850127115e11
2.534369149534715e11
2.5160214672229352e11
2.4983696595584384e11
2.481389683629561e11
2.4650449527973312e11
2.4493155418082947e11
2.4341711929525345e11
2.4195891339302347e11
2.4055451209954095e11
2.3920177916256732e11
2.3789864107198355e11
2.3664308357827908e11
2.3543293528429352e11
2.3426650595753906e11
2.3314236197553622e11
2.3205826872397772e11
2.310130895359784e11
2.3000509409820145e11
2.2903300681871967e11
2.2809517017783328e11
2.2719037393686218e11
2.2631743544394916e11
2.2547519822247516e11
2.2466232726410165e11
2.2387771659192715e11
2.2312028239571005e11
2.2238916317294583e11
2.2168331410194647e11
2.2100170933792575e11
2.2034354045014078e11
2.197080137059242e11
2.190941510300048e11
2.1850138534359122e11
2.1792856821485196e11
2.173753542620081e11
2.1684081657429672e11
2.1632443254232544e11
2.158252971870999e11
2.153431017704495e11
2.1487715430453238e11
2.1442677162100287e11
2.13991472604074e11
2.135707825213205e11
2.131640397746855e11
2.127709751790659e11
2.123909391224454e11
2.120234805010164e11
2.116683447460883e11
2.1132489816943845e11
2.109927037979163e11
2.106717102902705e11
2.1036110642943274e11
2.1006084767762653e11
2.0828514184026627e11
