-3.840469264056134
-3.840469264056116
-3.840469264056097
-3.8404692640560754
-3.840469264056051
-3.8404692640560243
-3.840469264055994
-3.840469264055961
-3.8404692640559235
-3.8404692640558817
-3.8404692640558356
-3.840469264055784
-3.8404692640557263
-3.8404692640556624
-3.8404692640555913
-3.840469264055512
-3.8404692640554234
-3.8404692640553253
-3.840469264055216
-3.8404692640550944
-3.840469264054959
-3.840469264054809
-3.8404692640546414
-3.8404692640544558
-3.8404692640542497
-3.8404692640540206
-3.840469264053767
-3.8404692640534854
-3.8404692640531732
-3.840469264052828
-3.840469264052446
-3.840469264052024
-3.8404692640515576
-3.840469264051043
-3.8404692640504763
-3.840469264049853
-3.840469264049168
-3.840469264048416
-3.8404692640475933
-3.840469264046694
-3.840469264045713
-3.840469264044645
-3.8404692640434863
-3.8404692640422313
-3.8404692640408764
-3.840469264039419
-3.8404692640378553
-3.840469264036184
-3.840469264034405
-3.840469264032519
-3.8404692640305282
-3.840469264028436
-3.8404692640262486
-3.8404692640239726
-3.8404692640216167
-3.840469264019192
-3.84046926401671
-3.840469264014185
-3.8404692640116354
-3.8404692640090943
-3.8404692640066576
-3.840469264004691
-3.8404692640047005
-3.8404692640128655
-3.840469264053822
-3.840469264221898
-3.8404692648613854
-3.8404692671630656
-3.840469275009154
-3.840469300277081
-3.8404693769395144
-3.840469595570557
-3.8404701807508133
-3.8404716495872724
-3.8404751068480487
-3.8404827420442915
-3.8404985815703836
-3.840529499763971
-3.840586400770937
-3.840685362017668
-3.8408484176493642
-3.8411036055157424
-3.8414839521600093
-3.8420252447167136
-3.842762714570953
-3.843727065152837
-3.8449405229856417
-3.8464136667855517
-3.8481436657848875
-3.850114236307183
-3.852297244752287
-3.8546555364421766
-3.857146390616916
-3.85972500380997
-3.8623475400517333
-3.8649734689660686
-3.867567118855323
-3.8700985036976254
-3.8725435616444805
-3.8748839432061435
-3.877106533839508
-3.8792028129818346
-3.8811681540247887
-3.8830011288889588
-3.88470285936106
-3.886276435445719
-3.887726413372691
-3.889058392029585
-3.8902786627843224
-3.891393927871711
-3.892411078010082
-3.8933370200370954
-3.894178544842529
-3.8949422340457187
-3.895634390680575
-3.896260994885957
-3.896827676247133
-3.8973397002775196
-3.8978019650329494
-3.8978625172142247
-3.897924994951685
-3.8979894577611307
-3.898055966899877
-3.89812458540258
-3.8981953781119745
-3.898268411757924
-3.898343754977644
-3.898421478296439
-3.898501654404073
-3.898584357857805
-3.8986696654693667
-3.8987576560809454
-3.8988484107957264
-3.8989420129780665
-3.899038548289639
-3.899138104685641
-3.899240772559922
-3.8993466447739307
-3.899455816683205
-3.899568386161353
-3.8996844537715174
-3.8998041226715916
-3.899927498704653
-3.900054690597964
-3.9001858097842232
-3.90032097059389
-3.9004602902938386
-3.900603889122343
-3.900751890320302
-3.9009044202695873
-3.9010616083677614
-3.901223587342637
-3.901390492970791
-3.901562464309211
-3.9017396442131793
-3.9019221781249076
-3.902110215353763
-3.902303908442719
-3.902503414136418
-3.9027088917945147
-3.90292050507566
-3.9031384207076463
-3.9033628090688026
-3.9035938454733867
-3.9038317071370825
-3.904076576609009
-3.9043286394489
-3.9045880851306785
-3.904855107218022
-3.9051299031784845
-3.9054126741953783
-3.905703626029761
-3.9060029677638792
-3.906310913001971
-3.9066276789596768
-3.9069534876428342
-3.907288564239205
-3.907633138975204
-3.9079874458484842
-3.908351723089325
-3.908726213269188
-3.909111162727277
-3.909506823030927
-3.9099134493784695
-3.9103313013797574
-3.910760643485042
-3.9112017444091163
-3.9116548769016326
-3.9121203188407097
-3.9125983526658663
-3.9130892654817324
-3.9135933488409123
-3.9141108995078944
-3.91464221924713
-3.9151876139881914
-3.9157473962052554
-3.9163218824963697
-3.916911395339282
-3.917516262620473
-3.91813681813075
-3.9187734011367326
-3.919426357220134
-3.9200960381956436
-3.920782802362154
-3.9214870150770134
-3.9222090478351723
-3.9229492804071318
-3.923708099365201
-3.9244858996572427
-3.9252830838095893
-3.9261000635394803
-3.926937259607479
-3.927795101428596
-3.928674028755976
-3.9295744913501323
-3.930496950697427
-3.9314418740828536
-3.9324097505622078
-3.933401071216618
-3.9344163451473193
-3.9354560942498598
-3.9365208509616214
-3.93761116705762
-3.9387276031831786
-3.939870740386478
-3.941041169822063
-3.9422395068705467
-3.9434663782668555
-3.944722425529411
-3.9460083161889856
-3.9473247259246547
-3.948672357689441
-3.9500519292007374
-3.951464176266109
-3.9529098560063534
-3.9543897448736214
-3.9559046367091635
-3.957455348414931
-3.9590427153711945
-3.9606675894424908
-3.962330846973291
-3.9640333741475
-3.9657760823676496
-3.967559900990561
-3.969385770153882
-3.97125465083534
-3.9731675175092476
-3.975125353295773
-3.9771291596805325
-3.9791799465809135
-3.9812787297365047
-3.9834265376812232
-3.9856243968683396
-3.9878733457096396
-3.990174412412404
-3.9925286288601187
-3.994937025154137
-3.997400621766647
-3.9999204240853574
-4.00249743118978
-4.005132627901822
-4.0078269697657
-4.010581398853061
-4.013396831082677
-4.016274148340432
-4.019214202433341
-4.022217809605642
-4.025285749812291
-4.028418751910136
-4.031617507158379
-4.034882652162733
-4.0382147707181
-4.041614391001735
-4.045081982831731
-4.048617950300879
-4.0522226315220164
-4.055896293744733
-4.059639140258581
-4.063451286881639
-4.067332783048252
-4.071283588415104
-4.075303584669729
-4.079392566292221
-4.083550243068309
-4.087776233265846
-4.092070061522565
-4.096431163776802
-4.100858880506351
-4.105352452320134
-4.109911027258575
-4.114533656389972
-4.119219289404991
-4.123966779566999
-4.128774881631506
-4.13364224975469
-4.138567444750062
-4.143548924948799
-4.148585041726093
-4.153674107556809
-4.158814239399
-4.1640035718082435
-4.16924005114868
-4.174521646334314
-4.17984611493334
-4.185211237281777
-4.190614699568689
-4.196054047114732
-4.201526824846667
-4.207030483754469
-4.2125624277451195
-4.218119990286835
-4.223700457848229
-4.229301069931073
-4.23491904249873
-4.240551497797824
-4.246195604781677
-4.251848462123844
-4.257507168433769
-4.263168798867725
-4.268830428538956
-4.274489132525583
-4.2801419858771235
-4.2857860870204165
-4.2914185343634434
-4.29703649650063
-4.302637095212919
-4.308217545873573
-4.313775087248396
-4.31930700489787
-4.324810631178421
-4.330283368644008
-4.335722666646382
-4.34112606813688
-4.346491116064694
-4.351815493780698
-4.357096978236658
-4.3623333229826775
-4.367522492173079
-4.372662426560919
-4.3777512541032255
-4.382787079356016
-4.387768217480051
-4.3926930070363746
-4.397559880188075
-4.402367386100894
-4.407114190943269
-4.411798984284095
-4.416420642896715
-4.4209780669549765
-4.425470297036077
-4.429896443918884
-4.434255688583938
-4.438547375815735
-4.44277087379933
-4.446925667722614
-4.45101133637575
-4.455027505350043
-4.458973940640214
-4.4628504316415665
-4.466656861351691
-4.470393229771033
-4.474059560300625
-4.477655969943792
-4.481182599104451
-4.484639728589937
-4.488027639207613
-4.491346705367128
-4.494597301478153
-4.497779942353776
-4.500895119406534
-4.50394339425068
-4.506925375301604
-4.50984171777584
-4.512693100290493
-4.5154802482637955
-4.518203910514541
-4.520864882662648
-4.523463960328019
-4.52600198593167
-4.5284798252951575
-4.53089834424001
-4.533258455388858
-4.535561071364292
-4.537807104788857
-4.539997515086191
-4.542133238279313
-4.544215257192326
-4.546244507848137
-4.548221973070732
-4.550148635684042
-4.552025478511933
-4.553853437577066
-4.555633519103754
-4.557366682515102
-4.559053910634729
-4.560696139485043
-4.562294375290116
-4.563849530671666
-4.565362565052504
-4.566834414454815
-4.568266014900737
-4.569658279011782
-4.571012119409426
-4.5723284253145255
-4.573608085947903
-4.574851967129776
-4.576060958080914
-4.577235901220909
-4.578377615568754
-4.57948692014343
-4.5805646573644925
-4.581611599449749
-4.58262854201759
-4.583616233885244
-4.584575447270533
-4.585506907590121
-4.586411363661277
-4.58728949409953
-4.588142024321607
-4.588969632943085
-4.589772975178984
-4.5905527062443525
-4.591309457953686
-4.592043885522107
-4.592756573963
-4.59344815509098
-4.594119167118326
-4.59477019505855
-4.595401823925207
-4.596014568530113
-4.596608967085725
-4.597185557804546
-4.597744808697335
-4.598287211175494
-4.598813303451669
-4.599323483334958
-4.599818265637506
-4.6002980481685
-4.6007632989389755
-4.60121441575821
-4.601651819836125
-4.602075908982084
-4.602487081005495
-4.602885710315202
-4.603272147919484
-4.603646768227268
-4.604009945647519
-4.604361960986814
-4.604703188654194
-4.605033956257524
-4.605354521202877
-4.605665257899402
-4.605966400352629
-4.606258276170554
-4.6065411427593785
-4.606815280925938
-4.607080948076488
-4.607338401617312
-4.607587898954718
-4.607829650693816
-4.608063914240962
-4.608290923601926
-4.608510889381885
-4.608724022186037
-4.608930532619598
-4.609130631287809
-4.609324505395309
-4.609512342146755
-4.609694352147442
-4.609870652400208
-4.610041500311614
-4.61020698948391
-4.6103673305224495
-4.610522663830747
-4.610673153212947
-4.610818939072586
-4.610960161813214
-4.611096961838389
-4.611229502952303
-4.6113579021579145
-4.611482253057573
-4.6116027428561175
-4.611719441755292
-4.611832490158711
-4.611941981668755
-4.612048056689054
-4.612150808822002
-4.6122503316699985
-4.612346718835448
-4.612440087321385
-4.612530530730226
-4.612618142664392
-4.612702993325687
-4.612785176316542
-4.612864785239393
-4.612941890296055
-4.613016561688347
-4.613088893018719
-4.613158931088369
-4.613226792900379
-4.613292501855332
-4.613356151555687
-4.613417788802658
-4.613477507198712
-4.613535330144441
-4.613591327841691
-4.61364557049231
-4.613698104897523
-4.613748977858555
-4.61379825957726
-4.613845973454243
-4.613892189691359
-4.6139369550898435
-4.613980293050302
-4.614022273774597
-4.614062944063966
-4.614102303918393
-4.614140446940369
-4.614177373129883
-4.614391493541126
-4.614673791043576
-4.6150447840225
-4.615530223990019
-4.616161874129448
-4.616977672069619
-4.6180204731129955
-4.619335685181661
-4.620964477194809
-4.622932775971005
-4.625234550118667
-4.627810408646292
-4.630529403012584
-4.633188003520238
-4.635545449598203
-4.637398600350633
-4.6386632716855525
-4.639401074135366
-4.639766636779541
-4.639921160643305
-4.639977812960014
-4.6399963395669275
-4.640001948977741
-4.640003589717767
-4.640004073598345
-4.640004223074866
-4.640004272899244
-4.640004291170943
-4.640004298616454
-4.640004301998062
-4.640004303707774
-4.640004304664577
-4.640004305250385
-4.640004305635961
-4.640004305903464
-4.640004306095637
-4.64000430623669
-4.640004306341502
-4.6400043064199075
-4.640004306478771
-4.640004306523024
-4.640004306556317
-4.640004306581369
-4.640004306600217
-4.640004306614393
