1.5615665703800456e23
1.557340864421273e23
1.5529915901698948e23
1.5485156091453893e23
1.543909733781416e23
1.5391707297191572e23
1.5342953151002223e23
1.5292801640535858e23
1.5241219130265645e23
1.5188171477704892e23
1.513362428642872e23
1.5077542708729055e23
1.5019891655277269e23
1.4960635707992492e23
1.4899739188179324e23
1.4837166204048455e23
1.4772880727204083e23
1.4706846576237872e23
1.463902747967022e23
1.4569387143875647e23
1.4497889326054902e23
1.4424497817611564e23
1.4349176600834443e23
1.4271889891391986e23
1.4192602118166285e23
1.411127814383191e23
1.402788325706217e23
1.3942383265873925e23
1.3854744597419193e23
1.3764934404206053e23
1.3672920609952445e23
1.3578672119444316e23
1.3482158767728164e23
1.3383351631480552e23
1.3282223036363802e23
1.3178746406348554e23
1.3072897128229989e23
1.296465195965397e23
1.2853989561568349e23
1.274089011250823e23
1.2625336382333639e23
1.2507312948046065e23
1.23868070627448e23
1.2263808502675863e23
1.2138309051356602e23
1.2010304337572128e23
1.1879792151037078e23
1.1746773886234069e23
1.1611254235949533e23
1.1473241286659274e23
1.1332746802016502e23
1.1189786499026095e23
1.1044379792825543e23
1.0896550608130117e23
1.0746326950007898e23
1.0593741523293964e23
1.0438831325365709e23
1.0281638574905575e23
1.0122209979067043e23
9.960597478406438e22
9.796858160877569e22
9.631054337917369e22
9.46325390777252e22
9.293529816225704e22
9.12196084340415e22
8.948631329694206e22
8.773631059836534e22
8.597055546370236e22
8.419006133897353e22
8.239589567059667e22
8.058918207246114e22
7.877109955087283e22
7.694288268638692e22
7.510581801667972e22
7.326124386023524e22
7.141055185727713e22
6.9555177302374595e22
6.7696605651027446e22
6.583636455783839e22
6.397602320099534e22
6.211718820652218e22
6.026150214341909e22
5.841063793961473e22
5.656629587064717e22
5.473019929557694e22
5.290408935322966e22
5.108972329685937e22
4.928886473339477e22
4.750328291474211e22
4.573474419256607e22
4.3985009018195744e22
4.225582325618123e22
4.054891348344807e22
3.886598240416874e22
3.7208699999655595e22
3.5578698779663276e22
3.3977565184475995e22
3.2406843987366324e22
3.086800592910029e22
2.936247508043263e22
2.789159716142744e22
2.6456643096728566e22
2.5058806555651512e22
2.3699187226716867e22
2.2378799767560003e22
2.10985549026984e22
1.9859267469696404e22
1.8661637248559702e22
1.750625968906651e22
1.6393618513858956e22
1.5324073664991359e22
1.429787515671443e22
1.3315145821067416e22
1.237589112185156e22
1.147999619865224e22
1.0627224587829944e22
9.817221189050806e21
9.049515384673087e21
8.323521027966496e21
7.638542696562698e21
6.993780682534036e21
6.388332899221855e21
5.821206247362669e21
5.291317356783046e21
4.79750264949201e21
4.3385277475694916e21
3.9130927282152764e21
3.5198427096093164e21
3.1573774346641903e21
2.8242584035099274e21
2.519020095596847e21
2.2401793722840378e21
1.986243681605345e21
1.7557219460157633e21
1.5471316278210333e21
1.3590093023357583e21
1.1899170422841197e21
1.0384503486012673e21
9.032453350683422e20
7.829848470039129e20
6.764032013113045e20
5.822911017470573e20
4.994997224637429e20
4.269429022798156e20
3.635995965450938e20
3.085151953149514e20
2.6080182755682317e20
2.1963819417362792e20
1.8426864595630162e20
1.540018116028029e20
1.2820837660282659e20
1.063187521857112e20
8.782015940334089e19
7.225347851013022e19
5.9209879784660935e19
4.832732142756345e19
3.928693930012018e19
3.180944261784625e19
2.565152980477934e19
2.0602449473789444e19
1.6480614117561858e19
1.3130448654498419e19
1.0419380771245136e19
8.235064619594902e18
6.482812544637321e18
5.08325662442597e18
3.970230556919521e18
3.0888701906024684e18
2.3939288085581256e18
1.8482906200348032e18
1.4216699465771932e18
1.0894848253532157e18
8.31886955529963e17
6.329324447529997e17
4.798791818939217e17
3.625951735518631e17
2.730637317245373e17
2.0497305238251158e17
1.533775330406004e17
1.1441985262622363e17
8.510654453253086e16
6.3123821555862056e16
4.669214838850752e16
3.444812510242186e16
2.5352142042200896e16
1.861429787590413e16
1.3637021452782928e16
9.969989421679514e15
7.275010530228025e15
5.29907536492843e15
3.8535328363055305e15
2.7981902688607535e15
2.029189062285074e15
1.4698192450309452e15
1.0635823719100515e15
7.689818601907501e14
5.556094605029939e14
4.012400772199193e14
2.896627700864824e14
2.090777916620851e14
1.509117756309205e14
1.0894605363416767e14
7.867670745278073e13
5.684597421460561e13
4.110027034168779e13
2.974074750526194e13
2.1542360885611457e13
1.562206960219151e13
1.134375262222889e13
8.249273752703536e12
6.008723050407184e12
4.3845105357525894e12
3.205503788237407e12
2.348384267856037e12
1.7242537023523435e12
1.2689667524805886e12
9.362072176899979e11
6.925044531304574e11
5.1363299221561566e11
3.820449883044603e11
2.850061102630687e11
2.1326486151074542e11
1.600855171086004e11
1.2055741701422087e11
9.109282841670766e10
6.906516966995099e10
5.2547490303971245e10
4.012320761529419e10
3.0748091971238777e10
2.3650866797441593e10
1.826023280628481e10
1.4152010858457684e10
1.1010399388582853e10
8.599584229493162e9
6.743061162770023e9
5.308292922963299e9
4.1954768757664857e9
3.3292454649589677e9
2.6524926393617373e9
2.1218354952173307e9
1.704202944427693e9
1.374304569879001e9
1.1127463104788327e9
9.046027472910328e8
7.383541116149789e8
6.050754416021681e8
4.978349314724994e8
4.1122816739816725e8
3.410300330948453e8
2.8392380761120284e8
2.3730020607278106e8
1.9909827480416846e8
1.67685202609405e8
1.4176318407642046e8
1.2029752263116652e8
1.0246045321815188e8
8.758777608838367e7
7.514471950103727e7
6.469955304615365e7
5.5902453743590824e7
4.8469170428008325e7
4.216807497390884e7
3.680972852241891e7
3.2238830675150495e7
2.8327676428474337e7
2.4970867881870966e7
2.2081263726249143e7
1.958651811212398e7
1.74264999839637e7
1.5550993566320188e7
1.3917991747423274e7
1.2492256440378418e7
1.1244177231380014e7
1.0148732039198799e7
9.184789514234673e6
8.334419784580862e6
7.582403061087048e6
6.915737996542891e6
6.323354693127278e6
5.795753528843041e6
5.32478674457801e6
4.903442284412035e6
4.5256778004338555e6
4.186268580055134e6
3.880692216317625e6
3.6050204160855054e6
3.355838273800459e6
3.1301622184647257e6
2.9253923955662837e6
2.7392545394302458e6
2.569751622591015e6
2.4151234669714225e6
2.273828183836472e6
2.144500611332156e6
2.0259382267023218e6
1.917071927970305e6
1.816957041877355e6
1.7247502945280606e6
1.6397065899012277e6
1.5611558516808443e6
1.4885026584431168e6
1.421215111740331e6
1.3588154678043306e6
1.300875726376166e6
1.2470085052391044e6
1.1968691381131199e6
1.1501428099745475e6
1.1065505456968928e6
1.0658362878828573e6
1.027767489276444e6
992136.6724923182
958753.4149500522
927443.964674239
898053.201675579
870437.9011683437
844464.5104992836
820017.169512057
796983.8998265455
775266.934481612
754773.0448814374
735419.1947023314
717127.6456873114
699827.4063659196
683452.6875737896
667943.3501152509
653244.3959558938
639303.7901228043
626073.0748399473
613510.3773090366
601573.3312267658
590223.9385060805
579428.976977994
569153.4638924453
559369.1193877276
550046.402345436
541159.7290153725
532684.2929896502
524597.422936708
516877.72733348684
509505.0008372795
502461.49200382613
495729.0609236186
489291.1781821562
483132.8149129433
477239.7003205199
471598.26975412096
466195.6164853589
461020.06811794173
456060.4970127541
451305.6762274573
446747.28661081963
442373.8043753991
438178.3244463854
434151.3162681506
430285.3758151295
426572.8253429945
423006.85904940224
419580.93551330495
416288.76160388876
413123.7206936245
410080.53666716255
407154.6709476979
404339.5683969195
401631.5920476567
399025.61997934914
396517.76102510316
394103.1881240639
391778.2743422094
389539.50402990135
387383.466684309
385306.3319439026
383304.8905363587
381376.02118620026
379517.19708726596
377725.4512306773
375997.89114369306
374332.1990765792
372726.1149555575
371176.9332259449
369683.00445587427
368241.23150775896
366850.55598662875
365508.47071063437
364213.49866861274
362963.217001236
361756.7090057701
360592.1085728103
359467.58325328975
358381.8153095974
357333.5113942555
356320.92122913647
355343.279489697
354398.8813748694
353486.52323374443
352605.4952070946
351754.1526170536
350931.3451386697
350136.88198962744
349368.6961818918
348626.6225276499
344352.3567220932
