0.8464913184710658
0.8487881973947715
0.8511652950398405
0.8536255864872198
0.8561721686952566
0.858808265722765
0.861537236040512
0.8643625779710514
0.867287933953029
0.8703171062966564
0.8734540517348124
0.8767029021752131
0.8800679627918073
0.8835537278239953
0.8871648881545791
0.8909063407813459
0.8947831972996144
0.8988007987906041
0.9029647269103495
0.9072808155811845
0.9117551633297258
0.9163941523339826
0.921204457797585
0.9261930655999645
0.9313672954654321
0.9367348099641393
0.9423036396997941
0.9480822036192182
0.9540793305475884
0.9603042820439762
0.9667667813994169
0.9734770332575371
0.980445763778889
0.9876842374312755
0.995204297821541
1.0030184239713247
1.0111397130073845
1.0195819750155746
1.0283597467618204
1.0374883806145032
1.046984020870119
1.0568637328674595
1.0671455027478527
1.077848324811118
1.0889923295317765
1.1005987091485838
1.1126899597531705
1.1252898522124553
1.1384235657753237
1.1521177948016834
1.1664008453856478
1.181302739919479
1.1968553869362846
1.2130926497556829
1.2300505569862428
1.247767412613197
1.2662840349085123
1.285643854733034
1.305893226652051
1.3270815811069459
1.349261695264697
1.3724899669989679
1.3968266707455246
1.4223363686136912
1.4490881595892218
1.4771561106278315
1.5066197062838123
1.5375642717574964
1.5700814609448868
1.6042698902453458
1.6402357128439613
1.6780933014495423
1.717965975396476
1.759986882438041
1.8042998936287806
1.851060537500444
1.9004373165420965
1.9526127378607923
2.007784837329641
2.0661686658585365
2.127998035980892
2.193527373239739
2.2630339124319856
2.3368200528174805
2.4152160270831957
2.498582928468183
2.5873159213657417
2.6818482271630715
2.7826551428325055
2.8902589669588945
3.0052342253573903
3.1282139198364525
3.259896336262935
3.4010527028375646
3.552536221511589
3.7152919875667942
3.890368653152623
4.078930196216183
4.282273847159007
4.5018430545122765
4.739250095255941
4.996297301243043
5.275001992236682
5.5776281793798494
5.906717780984354
6.265133091519433
6.6560992093912015
7.0832613850286545
7.550742240313685
8.063214011744119
8.625986626918895
9.245097824347631
9.927435739756577
10.680867599969558
11.514398804387557
12.438360873215244
13.464630363178735
14.606887649256166
15.880929964614872
17.30503575814497
18.90040029911846
20.69166660369819
22.707536700666086
24.981539679279287
27.552929964120285
30.467767453645283
33.780250989458
37.554307226076894
41.86552201612033
46.80352702141472
52.47487097669035
59.00654926991941
66.55037130051367
75.28826236073499
85.43891943460802
97.26589382202562
111.0877899945003
127.29087595009301
146.3447962276317
168.82223839955665
195.42375649298404
227.00888628992777
264.6352911912376
309.6087411180374
363.54620786203503
428.4562203465937
506.84174931763033
601.8318216532045
717.3507669638071
858.335711303598
1031.0188616897358
1243.2920043422018
1505.1812180963352
1829.465615079032
2232.4864530189343
2735.20755132817
3364.6106532847325
4155.535074669133
5153.113888728238
6415.997023669533
8020.65102436187
10067.078283638755
12686.478919067169
16051.513935859974
20390.109014255057
26004.049032063544
33294.10033222265
42794.04647896605
55216.86945392093
71517.57038167863
92978.86251473712
121328.219933013
158898.09742229295
208845.75534079343
275455.2801862419
364553.265310434
484082.06270864914
644890.8915961134
861829.3167431772
1.1552650302386421e6
1.5531737921001967e6
2.0940629265792486e6
2.830995340036021e6
3.83722638347136e6
5.21396788816113e6
7.101275341426989e6
9.69311773555654e6
1.3258314418739598e7
1.816976813365404e7
2.4944965942359272e7
3.430235581717898e7
4.723955192580676e7
6.514191159461537e7
8.993300023184292e7
1.2428304379166064e8
1.7189645341093677e8
2.3791037392428e8
3.294418030721407e8
4.563418849604636e8
6.32230010912757e8
8.759108025301847e8
1.2133092488875504e9
1.6801065878801374e9
2.3253230563893123e9
3.2161650861469e9
4.444584134300847e9
6.1360616510897e9
8.461443193518476e9
1.165269191829063e10
1.6023865671910044e10
2.199889284216172e10
3.0148235116840813e10
4.123696717788586e10
5.6287744860773605e10
7.666229994101166e10
1.0416762633515633e11
1.411923044454723e11
1.908800064845699e11
2.5735351215259512e11
3.459939497983764e11
4.6379796693524927e11
6.198173180886389e11
8.257165100979222e11
1.0964506189489965e12
1.451104953064447e12
1.9139206511157915e12
2.5155388723511484e12
3.294483725517206e12
4.29897421367734e12
5.589023676647392e12
7.238968741879331e12
9.340386735580914e12
1.2005491339506148e13
1.5371121553852828e13
1.9603152235064938e13
2.4901650384120887e13
3.150661019433825e13
3.970426809780573e13
4.983435299407359e13
6.2297597906192086e13
7.756426834981519e13
9.61833769611734e13
1.1879190544990775e14
1.461251968336191e14
1.7902690920893028e14
2.1846078259947938e14
2.6552024807330578e14
3.2144017599880825e14
3.8760590468984475e14
4.6556594044112694e14
5.570380940317995e14
6.639196378479504e14
7.882940918289521e14
9.324371159219869e14
1.0988194238165331e15
1.2901099922200745e15
1.509174686325502e15
1.7590757591730792e15
2.043062869535442e15
2.3645698113795175e15
2.727202742214675e15
3.134723474712179e15
3.59104127659154e15
4.1001876226864015e15
4.666293574691663e15
5.293578706573618e15
5.986308398961754e15
6.74878780125361e15
7.585301387299511e15
8.500116339216875e15
9.497437338875238e15
1.0581375361209846e16
1.175588500466138e16
1.3024804871542424e16
1.4391756533916562e16
1.586016278525894e16
1.7433161154741366e16
1.9113687443077348e16
2.0904292249777572e16
2.2807259460966384e16
2.482451614400022e16
2.6957644617200868e16
2.920783589398769e16
3.1575913483886956e16
3.4062287637323976e16
3.666699193001172e16
3.9389637914355304e16
4.222952207536663e16
4.518547826420632e16
4.8255922405673464e16
5.143892247876322e16
5.47322968419069e16
5.8133352134420184e16
6.163917781400013e16
6.524643879161928e16
6.8951640559509704e16
7.275089694336194e16
7.664022723956357e16
8.061518769165754e16
8.467140187305179e16
8.880417764412523e16
9.300861876023045e16
9.727976876634211e16
1.016125151880277e17
1.0600188687469272e17
1.1044252900741264e17
1.1492942733525413e17
1.1945704154064328e17
1.2402022337473914e17
1.286139675396759e17
1.332329084984596e17
1.3787200383637917e17
1.4252640540990992e17
1.4719089499097075e17
1.5186063741791318e17
1.565314502393726e17
1.6119815464692067e17
1.6585686929548186e17
1.7050289213291658e17
1.751324525969252e17
1.797413712564826e17
1.8432597780754342e17
1.8888264920996662e17
1.9340805429178045e17
1.9789890038029002e17
2.0235191502976202e17
2.0676438423545584e17
2.1113390723267773e17
2.1545724309329987e17
2.197325706486603e17
2.2395779954081437e17
2.2813021052820934e17
2.3224887994200928e17
2.363113191676037e17
2.4031655136818938e17
2.4426291798290816e17
2.4814933769166544e17
2.5197465470600147e17
2.5573795796166992e17
2.5943858114623526e17
2.630753930554507e17
2.666481853169018e17
2.7015662737929856e17
2.736002408115323e17
2.769787476091313e17
2.802920684442983e17
2.8354032047893802e17
2.8672342842637072e17
2.8984149113979955e17
2.9289517386329984e17
2.958837321809778e17
2.988089556766831e17
3.016699985585643e17
3.044681647872546e17
3.0720368837477786e17
3.098773448539497e17
3.1248962440275e17
3.150411358476596e17
3.175326040387164e17
3.199652982457627e17
3.2233974228194586e17
3.2465611703891014e17
3.2691644557125235e17
3.2912065963289664e17
3.3127009366209555e17
3.3336528018921766e17
3.354077269289249e17
3.373981232779474e17
3.3933722545887955e17
3.41225854669366e17
3.4306535747089626e17
3.4485668659006234e17
3.466008536483147e17
3.4829845793190925e17
3.4995061644233645e17
3.5155849970876096e17
3.531228540590838e17
3.546444673454032e17
3.5612464749707565e17
3.5756378548885254e17
3.589637530889857e17
3.6032453092139315e17
3.616475816473844e17
3.629334304943122e17
3.6418360955756314e17
3.653982115975805e17
3.665783342494975e17
3.677251041883066e17
3.688391789353027e17
3.6992123685341037e17
3.7097247629512877e17
3.719931180180584e17
3.729844010549084e17
3.73947083738541e17
3.7488143633864474e17
3.757887533684406e17
3.766698425069511e17
3.775245091376881e17
3.783546034568453e17
3.791599549849394e17
3.838662693132481e17
