2.9757571084109734e23
2.969249073900572e23
2.962551487750079e23
2.9556595760501177e23
2.9485684921920284e23
2.941273320438744e23
2.9337690748667544e23
2.926050704751159e23
2.9181131043100695e23
2.9099510926633563e23
2.9015594527334428e23
2.8929329008244708e23
2.8840661187984636e23
2.8749537405626418e23
2.8655903624136565e23
2.8559705501729726e23
2.8460888507350103e23
2.8359397892917195e23
2.825517878710351e23
2.8148176296232542e23
2.803833561233306e23
2.792560198293088e23
2.7809920946405975e23
2.769123839113829e23
2.7569500517679444e23
2.7444654169711572e23
2.731664681334831e23
2.7185426670725647e23
2.705094286235617e23
2.6913145558139494e23
2.677198603445902e23
2.662741698152353e23
2.6479392409342953e23
2.6327868107695375e23
2.6172801638072157e23
2.6014152081696972e23
2.5851881342170797e23
2.568595321294826e23
2.551633416677217e23
2.5342992735454057e23
2.5165901124311988e23
2.4985033976616297e23
2.480036966925557e23
2.46118900397126e23
2.4419579554422215e23
2.4223428081396597e23
2.4023428262662103e23
2.3819577677441855e23
2.3611878320509615e23
2.340033669350885e23
2.3184964181802665e23
2.2965777417532186e23
2.2742797825307826e23
2.251605280084635e23
2.22855749849168e23
2.2051403143279788e23
2.1813581469602658e23
2.15721609370426e23
2.1327198097828296e23
2.1078756150479458e23
2.0826904730768682e23
2.0571719951154578e23
2.0313284882965964e23
2.0051688649773783e23
1.9787027564303156e23
1.9519404634594218e23
1.924892931543045e23
1.8975717880475838e23
1.869989352439956e23
1.8421585640181886e23
1.8140930106869328e23
1.7858069130809063e23
1.7573151245527487e23
1.7286330730656306e23
1.699776757743085e23
1.6707627739212074e23
1.6416081640696067e23
1.6123305236976664e23
1.5829478822629863e23
1.5534787002244476e23
1.5239418145984683e23
1.4943564274624508e23
1.4647420320206676e23
1.435118381865966e23
1.4055054428907522e23
1.3759233309744717e23
1.3463923114051327e23
1.3169326698610297e23
1.2875647331463623e23
1.258308765235322e23
1.2291849570396123e23
1.2002133251267967e23
1.1714136788131516e23
1.1428055927587078e23
1.1144083100009278e23
1.0862407163553372e23
1.058321250811604e23
1.0306680454490281e23
1.003298421120815e23
9.762294345047149e22
9.494773853061618e22
9.230579445791879e22
8.96986181628296e22
8.712763234736081e22
8.459419905680957e22
8.209959068639898e22
7.964501189790528e22
7.723156820690566e22
7.486029270587785e22
7.253213702290203e22
7.024795055515972e22
6.8008513306264565e22
6.58145019694207e22
6.366651263934326e22
6.156505526400333e22
5.951054982810568e22
5.750333085243499e22
5.554365121181011e22
5.363167627317527e22
5.176749198714683e22
4.995110871018829e22
4.818245425426745e22
4.646139199398825e22
4.478770657683247e22
4.31611146049511e22
4.158127326140431e22
4.004777349833677e22
3.85601493205439e22
3.7117883607652002e22
3.5720403206407637e22
3.436708913723873e22
3.3057280354844364e22
3.1790271792447226e22
3.0565325885194136e22
2.9381666721462087e22
2.8238494491062984e22
2.713497993557684e22
2.6070269728483027e22
2.504349213276946e22
2.405376082434728e22
2.310017315141984e22
2.2181815455892774e22
2.1297769787436055e22
2.044710986542424e22
1.962890709344553e22
1.8842234066153083e22
1.8086164552608695e22
1.7359776266554589e22
1.666215223462144e22
1.5992385149863123e22
1.534957518888383e22
1.4732834571015728e22
1.4141287740706635e22
1.3574072553073709e22
1.3030341357338175e22
1.2509262648209574e22
1.201002142856299e22
1.1531820215107e22
1.1073878463980006e22
1.0635435726756574e22
1.0215749164352942e22
9.814096338903785e21
9.429773867467361e21
9.0620983674653e21
8.710406134463368e21
8.37405362942843e21
8.052417428326742e21
7.744893646109665e21
7.450898239176172e21
7.169866993119705e21
6.901254747275174e21
6.644535401057907e21
6.399201817387347e21
6.164765190886149e21
5.940754813615829e21
5.726717793331317e21
5.522218353424325e21
5.326837847758055e21
5.140174470644123e21
4.961840441398091e21
4.791467186235424e21
4.6286975107138e21
4.473192097848767e21
4.324622546342912e21
4.182677878951175e21
4.0470574932497447e21
3.9174742243317897e21
3.7936548843329154e21
3.6753365560342914e21
3.5622685069834836e21
3.454210798233228e21
3.350934439052815e21
3.2522205888900555e21
3.157860258848373e21
3.0676536321098315e21
2.9814108754690174e21
2.8989496378569387e21
2.820096623478714e21
2.744686249162491e21
2.672560725144389e21
2.6035694858206603e21
2.5375689572266625e21
2.4744223154211704e21
2.4139989939654686e21
2.35617471904537e21
2.300830576049099e21
2.2478539741440961e21
2.1971370466770868e21
2.1485771636553058e21
2.102076517359898e21
2.057541939838617e21
2.0148845400351742e21
1.9740197249405228e21
1.934866681376963e21
1.8973488947331122e21
1.8613929786842806e21
1.826928906314056e21
1.7938906070849757e21
1.7622143151900433e21
1.7318399237544002e21
1.7027095641186202e21
1.67476872057408e21
1.6479647724282852e21
1.622247937771342e21
1.597570754307662e21
1.5738878578095258e21
1.5511558931804565e21
1.529333856812653e21
1.50838222097318e21
1.488263609389388e21
1.4689421677811527e21
1.4503837930060865e21
1.4325560363942908e21
1.4154276433918042e21
1.3989690511024755e21
1.3831519302583462e21
1.3679492124878302e21
1.353335192367468e21
1.339285116545624e21
1.3257755457184384e21
1.3127840353494256e21
1.3002890056238034e21
1.2882700026790397e21
1.2767074049161342e21
1.2655825980176067e21
1.2548775536895548e21
1.24457522675353e21
1.2346592153692432e21
1.2251139991125736e21
1.2159244814733898e21
1.2070764323430817e21
1.1985561730841554e21
1.190350609248841e21
1.1824471961934207e21
1.1748339687524956e21
1.1674994452384653e21
1.1604326593862392e21
1.1536230700657212e21
1.1470606537438736e21
1.1407357575186577e21
1.1346391346354622e21
1.1287619769658654e21
1.1230957773914404e21
1.1176324224762257e21
1.1123641694023562e21
1.107283516470456e21
1.1023833489336551e21
1.097656758418975e21
1.0930972397005181e21
1.0886984612769657e21
1.0844543573054997e21
1.0803591125788725e21
1.0764072491490007e21
1.0725933590753228e21
1.0689123461724235e21
1.065359262807561e21
1.0619294470638996e21
1.0586182670963932e21
1.0554214526387373e21
1.0523347931585954e21
1.0493542746643863e21
1.0464760230911566e21
1.0436963433615428e21
1.0410116645023871e21
1.0384185790078728e21
1.0359137895052656e21
1.0334941483422493e21
1.031156560533121e21
1.0288981145085067e21
1.0267160300761414e21
1.0246076083558246e21
1.0225701834757369e21
1.0206012953109247e21
1.0186985076502407e21
1.0168595362141473e21
1.0150821134988166e21
1.0133641159172409e21
1.011703430326225e21
1.0100981230143493e21
1.0085462218730448e21
1.0070458851531156e21
1.0055953553114906e21
1.00419291410128e21
1.0028369224774453e21
1.0015257345821526e21
1.0002578629763189e21
9.990317677549073e20
9.978461041121089e20
9.966994713163737e20
9.95590494765107e20
9.945179473900603e20
9.934805835202373e20
9.924771790595608e20
9.915066520937054e20
9.905678984810584e20
9.896597511700196e20
9.887813022799437e20
9.879314577026122e20
9.871093392996915e20
9.86313962163449e20
9.855444745600395e20
9.847999968389514e20
9.840797006953265e20
9.833827685859568e20
9.827084327627624e20
9.820559744072065e20
9.814246440209891e20
9.808137006981849e20
9.802225687602794e20
9.796505224743786e20
9.790969218245147e20
9.785612506022246e20
9.780428030998483e20
9.775411138126271e20
9.770555664433722e20
9.765856666950171e20
9.761308860433891e20
9.756907392687336e20
9.75264745299621e20
9.748524270201451e20
9.744533882891052e20
9.74067159085796e20
9.736933113407866e20
9.733314585628468e20
9.729812170576926e20
9.726422058001898e20
9.723140463103919e20
9.719964008561903e20
9.716889338764489e20
9.713912736290914e20
9.711032033579507e20
9.708242786755721e20
9.705543244696937e20
9.702929762183449e20
9.700399854533229e20
9.697950669706043e20
9.69557974992975e20
9.693284649566892e20
9.6910629345642e20
9.68891180225995e20
9.686829220348243e20
9.684813544808305e20
9.682861623510605e20
9.680972209060335e20
9.679142924581174e20
9.677372158269169e20
9.675657548410438e20
9.673997496857784e20
9.672390411250081e20
9.670834704759204e20
9.669328418415964e20
9.667869976234133e20
9.666457807017485e20
9.665090721087303e20
9.663767155725487e20
9.662485552395855e20
9.661244733055858e20
9.66004352290478e20
9.658880374010941e20
9.657754494138589e20
9.656663965417488e20
9.655608377096807e20
9.654586192794306e20
9.653596630310018e20
9.652638158290494e20
9.651710374293048e20
9.650812126540696e20
9.649942265304301e20
9.649100017922471e20
9.648284613212661e20
9.647494906474101e20
9.646730504404324e20
9.645990265118228e20
9.645273422975937e20
9.644579588105771e20
9.643907622394874e20
9.643256763553783e20
9.642626999061967e20
9.64201681957294e20
9.641426214188852e20
9.63305118149301e20
