5.934251696442392e15
5.947258458523312e15
5.960703719669189e15
5.974602697671066e15
5.988971166265406e15
6.003825474239984e15
6.019182575493733e15
6.035060047653864e15
6.051476103204216e15
6.068449664055683e15
6.086000316044013e15
6.104148409151869e15
6.122915029500814e15
6.142322069031586e15
6.16239224765027e15
6.183149144362721e15
6.204617221220266e15
6.226821880887815e15
6.249789501000879e15
6.273547469678909e15
6.29812422226095e15
6.323549312266416e15
6.349853426368274e15
6.377068441858772e15
6.405227510717077e15
6.434365062804068e15
6.464516893478113e15
6.495720220235371e15
6.528013741415331e15
6.561437697093534e15
6.596033957508939e15
6.631846055316158e15
6.668919321343638e15
6.707300888543548e15
6.747039816754676e15
6.788187289644956e15
6.830796414961505e15
6.874922606684211e15
6.920623528631934e15
6.967959419350509e15
7.016992818819565e15
7.067789075029075e15
7.120416164958791e15
7.174944952568715e15
7.231449631242294e15
7.290007118806901e15
7.350698038276094e15
7.413606299600727e15
7.478819479595654e15
7.546429034928487e15
7.616530433728971e15
7.689223294157703e15
7.764611803873276e15
7.842804605254133e15
7.923915325678477e15
8.008062571933733e15
8.095370486893901e15
8.185968578869121e15
8.279992490769046e15
8.377583946773554e15
8.478891177522794e15
8.584069268430263e15
8.693280331657313e15
8.806694270909369e15
8.924488699809646e15
9.046849549556264e15
9.173971605472858e15
9.30605876984151e15
9.44332443953898e15
9.585992307985462e15
9.734296695132778e15
9.888483100512058e15
1.0048808680134146e16
1.0215543061010382e16
1.0388968880018296e16
1.0569382137120408e16
1.0757093638446994e16
1.0952428890206478e16
1.1155729404162898e16
1.1367353299253706e16
1.1587676266050478e16
1.181709224307519e16
1.2056014579013666e16
1.230487691103225e16
1.2564134201430018e16
1.2834263942857006e16
1.3115766832904298e16
1.3409168671426742e16
1.3715020910709612e16
1.4033902443634058e16
1.4366420497562196e16
1.4713212563650186e16
1.507494766950282e16
1.5452327578439212e16
1.5846088945923974e16
1.6257004670436238e16
1.6685886230567602e16
1.713358249741609e16
1.7600988939013e16
1.8089040003547016e16
1.859871853930304e16
1.913105521261621e16
1.9687129233372616e16
2.026807492287958e16
2.0875078314133144e16
2.150938543987339e16
2.2172298955305076e16
2.2865188355254396e16
2.3589485155433616e16
2.4346687115875984e16
2.513836760885046e16
2.5966167439665104e16
2.683180931218007e16
2.7737092933054256e16
2.8683899874721216e16
2.967419870641619e16
3.0710046800144704e16
3.179359206632272e16
3.2927080207422628e16
3.411285485311428e16
3.5353359343277828e16
3.665114627299036e16
3.800886970674653e16
3.942930069566536e16
4.09153254600759e16
4.246994299255862e16
4.409627711778208e16
4.5797574157539784e16
4.75772021617943e16
4.943866334169059e16
5.138558893198883e16
5.342174013325902e16
5.555101841201579e16
5.777745442882866e16
6.010522534900183e16
6.253863540768599e16
6.50821328721444e16
6.77403073684992e16
7.0517883758754824e16
7.341971766545827e16
7.645080704699848e16
7.961628470548936e16
8.29214007510411e16
8.637154159025626e16
8.997221438625258e16
9.372903563238354e16
9.764773408924515e16
1.0173414106475842e17
1.0599418608569422e17
1.1043387187957042e17
1.1505928766043098e17
1.198765787237411e17
1.2489194119028947e17
1.301116092452051e17
1.3554184132005155e17
1.4118889763079187e17
1.470590273044157e17
1.5315844694555466e17
1.5949333763126176e17
1.660697895316703e17
1.7289382025213312e17
1.799713161677365e17
1.8730803313516426e17
1.9490955936512768e17
2.0278129815011472e17
2.1092843228659168e17
2.1935589579164595e17
2.28068358804843e17
2.3707018907996262e17
2.4636541655513123e17
2.5595772150551392e17
2.6585039879855072e17
2.760463210997245e17
2.8654792199422464e17
2.97357164380566e17
3.084755086468782e17
3.199039026353025e17
3.3164273477554157e17
3.4369179714049466e17
3.5605042572605414e17
3.6871709874609126e17
3.816899330664113e17
3.949661580980033e17
4.0854262506282566e17
4.224151961129076e17
4.365793294607361e17
4.510297701203242e17
4.6576040937780826e17
4.807646529949965e17
4.960351662960561e17
5.115639987826044e17
5.273425193309344e17
5.433614837875901e17
5.596110405603498e17
5.760808068921693e17
5.927596724880817e17
6.09636225198967e17
6.266984219720668e17
6.439338140057651e17
6.613294960584644e17
6.78872198723873e17
6.965483119661208e17
7.143439094371256e17
7.322448479471222e17
7.50236720639648e17
7.683051093144516e17
7.864352379143826e17
8.046124523595788e17
8.228220250276022e17
8.410492596618541e17
8.592795205634675e17
8.774983390418757e17
8.95691364220333e17
9.13844546829708e17
9.319438511713848e17
9.499757520860448e17
9.679271039540525e17
9.857847643874794e17
1.0035364113276424e18
1.0211697652097926e18
1.0386733268227283e18
1.0560356707571017e18
1.0732462646341641e18
1.090294837280789e18
1.1071716308029069e18
1.1238674910576388e18
1.1403738755741075e18
1.1566825335977713e18
1.172786079919621e18
1.1886774274411758e18
1.204350195689067e18
1.219798465924504e18
1.2350167794486623e18
1.2500004617052925e18
1.2647451283776097e18
1.279247007388219e18
1.29350285156616e18
1.30750976900647e18
1.3212655425381821e18
1.3347682140939663e18
1.3480163215710807e18
1.361008971538514e18
1.373745504791222e18
1.3862257317280218e18
1.3984496796598802e18
1.4104179894065014e18
1.422131419416255e18
1.433591161055811e18
1.4447985063766764e18
1.4557553237672064e18
1.466463484532941e18
1.476925177525171e18
1.487142820408076e18
1.4971190518867456e18
1.50685664433445e18
1.5163585769147448e18
1.5256279490272417e18
1.5346680537236076e18
1.5434822127173412e18
1.552073929957358e18
1.5604468067947144e18
1.5686044582917998e18
1.5765506668237169e18
1.5842892199616182e18
1.591823907203648e18
1.599158673544518e18
1.6062973808731208e18
1.6132440401925402e18
1.6200024964899087e18
1.6265767389932997e18
1.6329707427725174e18
1.63918846711061e18
1.645233699423431e18
1.651110441258209e18
1.65682251991233e18
1.6623738195778586e18
1.667768049484496e18
1.673009127857182e18
1.6781006436277834e18
1.6830463170334136e18
1.6878497691135478e18
1.6925145982500388e18
1.6970443039221727e18
1.701442363151589e18
1.7057121546228966e18
1.709857035012811e18
1.7138802634411405e18
1.7177851531956774e18
1.721574845116794e18
1.7252523841747182e18
1.728820795433784e18
1.7322831594445133e18
1.7356423119322173e18
1.7389011453012472e18
1.7420623839451592e18
1.7451288097803487e18
1.7481030381266941e18
1.7509877427097539e18
1.7537853575672207e18
1.756498450795792e18
1.759129426708172e18
1.761680601269435e18
1.764154277037085e18
1.766552669389093e18
1.7688780553546289e18
1.771132477667169e18
1.7733181157469102e18
1.7754368422378112e18
1.7774906673879823e18
1.7794815912615455e18
1.7814113830606044e18
1.7832818767711168e18
1.7850948976017544e18
1.786852041787975e18
1.7885549714637097e18
1.7902054880301212e18
1.791804945200432e18
1.7933550569434404e18
1.794857164078481e18
1.7963128212511345e18
1.7977233575650962e18
1.7990901698853243e18
1.8004145766950804e18
1.8016978915209295e18
1.8029413501420974e18
1.804146110970798e18
1.8053134012022758e18
1.806444443921486e18
1.8075401669788045e18
1.808601786142611e18
1.8096303680156096e18
1.810626757803626e18
1.8115921614126464e18
1.8125273455670454e18
1.8134333651010936e18
1.8143110542948984e18
1.8151613176830863e18
1.8159849849312225e18
1.8167828835767473e18
1.817555839114521e18
1.8183045301648686e18
1.819029778534287e18
1.8197323318133688e18
1.8204128635711667e18
1.8210720458995203e18
1.8217105494727235e18
1.8223290436067105e18
1.8229281240168512e18
1.8235083852524293e18
1.8240704930035901e18
1.8246148228525542e18
1.8251421829107927e18
1.8256528746579604e18
1.8261475598493996e18
1.8266266827558968e18
1.8270907590691456e18
1.8275402315764467e18
1.8279755423925379e18
1.8283971329890135e18
1.8288055163150326e18
1.8292010605131569e18
1.829584061150921e18
1.8299551015773855e18
1.8303144043127744e18
1.8306624076208381e18
1.8309994052544113e18
1.8313258346173612e18
1.8316419886874107e18
1.8319481601136128e18
1.8322446412297636e18
1.8325317960312568e18
1.8328099162311457e18
1.8330792932678203e18
1.8333401463815145e18
1.8335927665230858e18
1.8338374444022666e18
1.8340743985887455e18
1.8343038474650404e18
1.8345260811272481e18
1.8347412456979712e18
1.8349497028003182e18
1.835151526359161e18
1.8353470057987466e18
1.8355362866580436e18
1.835719658067706e18
1.8358971934685714e18
1.8360691099033574e18
1.8362356242944072e18
1.8363968816229816e18
1.8365530267835502e18
1.8367042764031992e18
1.8368507033876314e18
1.8369925241980764e18
1.8371298834029478e18
1.8372628537058941e18
1.837391651345555e18
1.8375164206924255e18
1.8376371624921644e18
1.8377541645799104e18
1.837867427605291e18
1.8385195166755886e18
